int
0
0
2072
0
0
2068
0
0
2064
0
3621
2048
3594
3659
2056
0
0
2052
0
2060
3648
3616
3584
2108
2104
2100
2096
2092
2088
2084
2080
2076
3589
3626
7751
0
2063
2052
3591
3651
2072
3657
3622
2068
3619
3595
2064
3625
3587
2048
2057
3654
2111
2107
2103
2099
2095
2091
2087
2083
6175
0
3595
2052
2063
3651
2072
3653
3658
2068
3619
3591
2064
3621
3587
2048
2057
3626
2111
2107
2103
2099
2095
2091
2087
2083
6175
0
3623
2052
2063
3651
2072
3657
3590
2068
3627
3619
2064
3593
3587
2048
2057
3654
2111
2107
2103
2099
2095
2091
2087
2083
6175
0
0
2075
0
2063
0
2076
2069
3591
0
3623
3654
3651
2056
2065
3627
3595
2111
2107
2103
3584
2053
3658
2048
2099
2095
2091
2087
3617
6179
0
0
0
0
0
0
0
0
2064
2069
2079
3658
0
2051
0
0
2075
3584
3621
3651
3627
3591
2111
3654
2107
2103
2060
3617
2099
2095
2091
2087
2054
2083
0
2056
7689
0
2063
2052
3627
3651
2072
3653
3658
2068
3623
3619
2064
3589
3587
2048
2057
3594
2111
2107
2103
2099
2095
2091
2087
2083
6175
0
0
0
0
0
0
0
0
3588
3625
2079
3658
0
2051
0
0
2075
3584
2069
3651
3623
3595
2111
3654
2107
2103
2060
3617
2099
2095
2091
2087
2054
2083
0
2056
6161
0
0
2075
0
3595
0
2076
2069
3627
0
2063
3658
3651
2056
2065
3623
3591
2111
2107
2103
3584
2053
3654
2048
2099
2095
2091
2087
3617
6179
0
2063
2052
3655
3659
2072
3593
3622
2068
3651
3619
2064
3625
3587
2048
2057
3590
2111
2107
2103
2099
2095
2091
2087
2083
6175
0
0
2071
0
2063
0
2048
2057
3655
0
3591
3622
3659
2072
2065
3619
3595
2111
2107
2103
3584
3649
3626
2052
2099
2095
2091
2087
2081
6175
0
0
0
0
0
0
0
0
2064
3653
2059
3622
0
2055
0
0
2071
3584
3649
3659
3619
3591
2111
3626
2107
2103
2060
2049
2099
2095
2091
2087
2074
2079
0
2080
7689
0
0
2066
0
0
2058
2068
2081
3622
0
3654
3591
2062
3616
2077
3658
3626
3586
2110
2106
2048
3649
2102
2098
2094
2090
2086
2052
2073
7691
0
0
0
0
0
0
0
0
0
0
2076
2053
2050
2071
0
0
0
0
0
0
0
2072
2081
2060
2058
3652
2067
3588
0
3620
3656
3624
3592
2108
2104
2100
2096
2092
2088
2084
3585
3618
7747
0
0
0
0
0
0
0
0
0
0
0
0
3584
3621
2050
2063
0
0
0
0
0
0
0
0
0
2072
3617
3654
2059
0
0
0
0
0
0
0
0
0
2068
3593
3650
2055
3659
3627
3591
2111
2107
2103
2099
2095
2091
2064
2077
2082
6183
0
0
0
0
0
0
0
0
3616
3653
2074
3595
0
0
0
0
0
2048
3649
2070
0
0
2066
3591
0
2058
2080
3625
3658
3622
3586
2110
2106
2102
2098
2076
2061
2094
2090
2086
6151
0
0
0
0
0
0
0
0
0
0
0
0
3584
2081
2050
2063
0
0
0
0
0
0
0
0
0
2072
3617
3654
2059
0
0
0
0
0
0
0
0
0
2068
2077
3650
2055
3659
3623
3595
2111
2107
2103
2099
2095
2091
2064
3589
3626
6183
0
0
0
0
0
0
0
0
0
0
0
0
3584
2081
2050
2063
0
0
0
0
0
0
0
0
0
2072
3617
3654
2059
0
0
0
0
0
0
0
0
0
2068
3593
3650
2055
3659
3623
3591
2111
2107
2103
2099
2095
2091
2064
2077
3626
6183
0
3659
2052
2063
3655
2072
3589
3594
2068
3651
3619
2064
3621
3587
2048
2057
3626
2111
2107
2103
2099
2095
2091
2087
2083
6175
0
0
0
0
0
0
0
0
3588
2073
2059
3622
0
2055
0
0
2071
3584
3649
3655
3619
3595
2111
3626
2107
2103
2060
2049
2099
2095
2091
2087
3658
2079
0
2080
6161
0
0
2071
0
3659
0
2048
2057
3595
0
2063
3626
3655
2072
2065
3619
3591
2111
2107
2103
3584
3649
3622
2052
2099
2095
2091
2087
2081
6175
0
0
0
0
0
0
0
0
3616
2053
2074
3595
0
0
0
0
0
2048
3649
2070
0
0
2066
3591
0
2058
2080
2061
3654
3626
3586
2110
2106
2102
2098
2076
3621
2094
2090
2086
7755
0
0
0
0
0
0
0
0
0
0
0
0
3584
3621
3658
2063
0
0
0
0
0
0
0
0
0
2072
3617
2050
2059
0
0
0
0
0
0
0
0
0
2068
2077
3650
2055
3655
3627
3595
2111
2107
2103
2099
2095
2091
2064
3589
2082
6183
0
0
0
0
0
0
0
0
0
0
0
0
3584
3621
3658
2063
0
0
0
0
0
0
0
0
0
2072
3617
2050
2059
0
0
0
0
0
0
0
0
0
2068
3593
3650
2055
3655
3627
3591
2111
2107
2103
2099
2095
2091
2064
2077
2082
6183
0
0
2066
0
0
2058
2068
2081
3658
0
2062
3595
3626
3616
2077
3654
3622
3586
2110
2106
2048
3649
2102
2098
2094
2090
2086
2052
2073
7687
0
0
0
0
0
0
0
0
0
0
0
0
3584
2081
3658
2063
0
0
0
0
0
0
0
0
0
2072
3617
2050
2059
0
0
0
0
0
0
0
0
0
2068
2077
3650
2055
3655
3623
3595
2111
2107
2103
2099
2095
2091
2064
3589
3626
6183
0
0
0
0
0
0
0
0
0
0
2076
2053
2050
2071
0
0
0
0
0
0
0
2072
2081
3656
2058
3592
2067
3624
0
2060
3652
3620
3588
2108
2104
2100
2096
2092
2088
2084
3585
3618
7747
0
0
0
0
0
0
0
0
0
0
2052
2049
2070
2079
0
0
0
0
0
0
0
2080
2057
2066
2075
3659
3655
3627
3623
3595
3591
2111
3584
3617
3650
2107
2103
2099
2095
2091
2087
6159
0
0
0
0
0
0
0
0
0
0
0
0
0
0
0
0
0
0
0
0
0
0
0
0
0
0
0
0
0
0
0
0
0
0
0
0
0
0
0
0
0
0
0
0
0
0
0
0
0
0
0
0
0
0
0
0
0
0
0
0
0
0
0
0
0
0
0
0
0
0
0
0
0
0
0
0
0
0
0
0
0
0
0
0
0
0
0
0
0
0
0
0
0
0
0
0
0
0
0
0
0
0
0
0
0
0
0
0
0
0
0
0
0
0
0
0
0
0
0
0
0
0
0
0
0
0
0
0
0
0
0
0
0
0
0
0
0
0
0
0
0
0
0
0
0
0
0
0
0
0
0
0
0
0
0
0
0
0
0
0
0
0
0
0
0
0
0
0
0
0
0
0
0
0
0
0
0
0
0
0
0
0
0
0
0
0
0
0
0
0
0
0
0
0
0
0
0
0
0
0
0
0
0
0
0
0
0
0
0
0
0
0
0
0
0
0
0
0
0
0
0
0
0
0
0
0
0
0
0
0
0
0
0
0
0
0
0
0
0
0
0
0
0
0
0
0
0
0
0
0
0
0
0
0
0
0
0
0
0
0
0
0
0
0
0
0
0
0
0
0
0
0
0
0
0
0
0
0
0
0
0
0
0
0
0
0
0
0
0
0
0
0
0
0
0
0
0
0
0
0
0
0
0
0
0
0
0
0
0
0
0
0
0
0
0
0
0
0
0
0
0
0
0
0
0
0
0
0
0
0
0
0
0
0
0
0
0
0
0
0
0
0
0
0
0
0
0
0
0
0
0
0
0
0
0
0
0
0
0
0
0
0
0
0
0
0
0
0
0
0
0
0
0
0
0
0
0
0
0
0
0
0
0
0
0
0
0
0
0
0
0
0
0
0
0
0
0
0
0
0
0
0
0
0
0
0
0
0
0
0
0
0
0
0
0
0
0
0
0
0
0
0
0
0
0
0
0
0
0
0
0
0
0
0
0
0
0
0
0
0
0
0
0
0
0
0
0
0
0
0
0
0
0
0
0
0
0
0
0
0
0
0
0
0
0
0
0
0
0
0
0
0
0
0
0
0
0
0
0
0
0
0
0
0
0
0
0
0
0
0
0
0
0
0
0
0
0
0
0
0
0
0
0
0
0
0
0
0
0
0
0
0
0
0
0
0
0
0
0
0
0
0
0
0
0
0
0
0
0
0
0
0
0
0
0
0
0
0
0
0
0
0
0
0
0
0
0
0
0
0
0
0
0
0
0
0
0
0
0
0
0
0
0
0
0
0
0
0
0
0
0
0
0
0
0
0
0
0
0
0
0
0
0
0
0
0
0
0
0
0
0
0
0
0
0
0
0
0
0
0
0
0
0
0
0
0
0
0
0
0
0
0
0
0
0
0
0
0
0
0
0
0
0
0
0
0
0
0
0
0
0
0
0
0
0
0
0
0
0
0
0
0
0
0
0
0
0
0
0
0
0
0
0
0
0
0
0
0
0
0
0
0
0
0
0
0
0
0
0
0
0
0
0
0
0
0
0
0
0
0
0
0
0
0
0
0
0
0
0
0
0
0
0
0
0
0
0
0
0
0
0
0
0
0
0
0
0
0
0
0
0
0
0
0
0
0
0
0
0
0
0
0
0
0
0
0
0
0
0
0
0
0
0
0
0
0
0
0
0
0
0
0
0
0
0
0
0
0
0
0
0
0
0
0
0
0
0
0
0
0
0
0
0
0
0
0
0
0
0
0
0
0
0
0
0
0
0
0
0
0
0
0
0
0
0
0
0
0
0
0
0
0
0
0
0
0
0
0
0
0
0
0
0
0
0
0
0
0
0
0
0
0
0
0
0
0
0
0
0
0
0
0
0
0
0
0
0
0
0
0
0
0
0
0
0
0
0
0
0
0
0
0
0
0
0
0
0
0
0
0
0
0
0
0
0
0
0
0
0
0
0
0
0
0
0
0
0
0
0
0
0
0
0
0
0
0
0
0
0
0
0
0
0
0
0
0
0
0
0
0
0
0
0
0
0
0
0
0
0
0
0
0
0
0
0
0
0
0
0
0
0
0
0
0
0
0
0
0
0
0
0
0
0
0
0
0
0
0
0
0
0
0
0
0
0
0
0
0
0
0
0
0
0
0
0
0
0
0
0
0
0
0
0
0
0
0
0
0
0
0
0
0
0
0
0
0
0
0
0
0
0
0
0
0
0
0
0
0
0
0
0
0
0
0
0
0
0
0
0
0
0
0
0
0
0
0
0
0
0
0
0
0
0
0
0
0
0
0
0
0
0
0
0
0
0
0
0
0
0
0
0
0
0
0
0
0
0
0
0
0
0
0
0
0
0
0
0
0
0
0
0
0
0
0
0
0
0
0
0
0
0
0
0
0
0
0
0
0
0
0
0
0
0
0
0
0
0
0
0
0
0
0
0
0
0
0
0
0
0
0
0
0
0
0
0
0
0
0
0
0
0
0
0
0
0
0
0
0
0
0
0
0
0
0
0
0
0
0
0
0
0
0
0
0
0
0
0
0
0
0
0
0
0
0
0
0
0
0
0
0
0
0
0
0
0
0
0
0
0
0
0
0
0
0
0
0
0
0
0
0
0
0
0
0
0
0
0
0
0
0
0
0
0
0
0
0
0
0
0
0
0
0
0
0
0
0
0
0
0
0
0
0
0
0
0
0
0
0
0
0
0
0
0
0
0
0
0
0
0
0
0
0
0
0
0
0
0
0
0
0
0
0
0
0
0
0
0
0
0
0
0
0
0
0
0
0
0
0
0
0
0
0
0
0
0
0
0
0
0
0
0
0
0
0
0
0
0
0
0
0
0
0
0
0
0
0
0
0
0
0
0
0
0
0
0
0
0
0
0
0
0
0
0
0
0
0
0
0
0
0
0
0
0
0
0
0
0
0
0
0
0
0
0
0
0
0
0
0
0
0
0
0
0
0
0
0
0
0
0
0
0
0
0
0
0
0
0
0
0
0
0
0
0
0
0
0
0
0
0
0
0
0
0
0
0
0
0
0
0
0
0
0
0
0
0
0
0
0
0
0
0
0
0
0
0
0
0
0
0
0
0
0
0
0
0
0
0
0
0
0
0
0
0
0
0
0
0
0
0
0
0
0
0
0
0
0
0
0
0
0
0
0
0
0
0
0
0
0
0
0
0
0
0
0
0
0
0
0
0
0
0
0
0
0
0
0
0
0
0
0
0
0
0
0
0
0
0
0
0
0
0
0
0
0
0
0
0
0
0
0
0
0
0
0
0
0
0
0
0
0
0
0
0
0
0
0
0
0
0
0
0
0
0
0
0
0
0
0
0
0
0
0
0
0
0
0
0
0
0
0
0
0
0
0
0
0
0
0
0
0
0
0
0
0
0
0
0
0
0
0
0
0
0
0
0
0
0
0
0
0
0
0
0
0
0
0
0
0
0
0
0
0
0
0
0
0
0
0
0
0
0
0
0
0
0
0
0
0
0
0
0
0
0
0
0
0
0
0
0
0
0
0
0
0
0
0
0
0
0
0
0
0
0
0
0
0
0
0
0
0
0
0
0
0
0
0
0
0
0
0
0
0
0
0
0
0
0
0
0
0
0
0
0
0
0
0
0
0
0
0
0
0
0
0
0
0
0
0
0
0
0
0
0
0
0
0
0
0
0
0
0
0
0
0
0
0
0
0
0
0
0
0
0
0
0
0
0
0
0
0
0
0
0
0
0
0
0
0
0
0
0
0
0
0
0
0
0
0
0
0
0
0
0
0
0
0
0
0
0
0
0
0
0
0
0
0
0
0
0
0
0
0
0
0
0
0
0
0
0
0
0
0
0
0
0
0
0
0
0
0
0
0
0
0
0
0
0
0
0
0
0
0
0
0
0
0
0
0
0
0
0
0
0
0
0
0
0
0
0
0
0
0
0
0
0
0
0
0
0
0
0
0
0
0
0
0
0
0
0
0
0
0
0
0
0
0
0
0
0
0
0
0
0
0
0
0
0
0
0
0
0
0
0
0
0
0
0
0
0
0
0
0
0
0
0
0
0
0
0
0
0
0
0
0
0
0
0
0
0
0
0
0
0
0
0
0
0
0
0
0
0
0
0
0
0
0
0
0
0
0
0
0
0
0
0
0
0
0
0
0
0
0
0
0
0
0
0
0
0
0
0
0
0
0
0
0
0
0
0
0
0
0
0
0
0
0
0
0
0
0
0
0
0
0
0
0
0
0
0
0
0
0
0
0
0
0
0
0
0
0
0
0
0
0
0
0
0
0
0
0
0
0
0
0
0
0
0
0
0
0
0
0
0
0
0
0
0
0
0
0
0
0
0
0
0
0
0
0
0
0
0
0
0
0
0
0
0
0
0
0
0
0
0
0
0
0
0
0
0
0
0
0
0
0
0
0
0
0
0
0
0
0
0
0
0
0
0
0
0
0
0
0
0
0
0
0
0
0
0
0
0
0
0
0
0
0
0
0
0
0
0
0
0
0
0
0
0
0
0
0
0
0
0
0
0
0
0
0
0
0
0
0
0
0
0
0
0
0
0
0
0
0
0
0
0
0
0
0
0
0
0
0
0
0
0
0
0
0
0
0
0
0
0
0
0
0
0
0
0
0
0
0
0
0
0
0
0
0
0
0
0
0
0
0
0
0
0
0
0
0
0
0
0
0
0
0
0
0
0
0
0
0
0
0
0
0
0
0
0
0
0
0
0
0
0
0
0
0
0
0
0
0
0
0
0
0
0
0
0
0
0
0
0
0
0
0
0
0
0
0
0
0
0
0
0
0
0
0
0
0
0
0
0
0
0
0
0
0
0
0
0
0
0
0
0
0
0
0
0
0
0
0
0
0
0
0
0
0
0
0
0
0
0
0
0
0
0
0
0
0
0
0
0
0
0
0
0
0
0
0
0
0
0
0
0
0
0
0
0
0
0
0
0
0
0
0
0
0
0
0
0
0
0
0
0
0
0
0
0
0
0
0
0
0
0
0
0
0
0
0
0
0
0
0
0
0
0
0
0
0
0
0
0
0
0
0
0
0
0
0
0
0
0
0
0
0
0
0
0
0
0
0
0
0
0
0
0
0
0
0
0
0
0
0
0
0
0
0
0
0
0
0
0
0
0
0
0
0
0
0
0
0
0
0
0
0
0
0
0
0
0
0
0
0
0
0
0
0
0
0
0
0
0
0
0
0
0
0
0
0
0
0
0
0
0
0
0
0
0
0
0
0
0
0
0
0
0
0
0
0
0
0
0
0
0
0
0
0
0
0
0
0
0
0
0
0
0
0
0
0
0
0
0
0
0
0
0
0
0
0
0
0
0
0
0
0
0
0
0
0
0
0
0
0
0
0
0
0
0
0
0
0
0
0
0
0
0
0
0
0
0
0
0
0
0
0
0
0
0
0
0
0
0
0
0
0
0
0
0
0
0
0
0
0
0
0
0
0
0
0
0
0
0
0
0
0
0
0
0
0
0
0
0
0
0
0
0
0
0
0
0
0
0
0
0
0
0
0
0
0
0
0
0
0
0
0
0
0
0
0
0
0
0
0
0
0
0
0
0
0
0
0
0
0
0
0
0
0
0
0
0
0
0
0
0
0
0
0
0
0
0
0
0
0
0
0
0
0
0
0
0
0
0
0
0
0
0
0
0
0
0
0
0
0
0
0
0
0
0
0
0
0
0
0
0
0
0
0
0
0
0
0
0
0
0
0
0
0
0
0
0
0
0
0
0
0
0
0
0
0
0
0
0
0
0
0
0
0
0
0
0
0
0
0
0
0
0
0
0
0
0
0
0
0
0
0
0
0
0
0
0
0
0
0
0
0
0
0
0
0
0
0
0
0
0
0
0
0
0
0
0
0
0
0
0
0
0
0
0
0
0
0
0
0
0
0
0
0
0
0
0
0
0
0
0
0
0
0
0
0
0
0
0
0
0
0
0
0
0
0
0
0
0
0
0
0
0
0
0
0
0
0
0
0
0
0
0
0
0
0
0
0
0
0
0
0
0
0
0
0
0
0
0
0
0
0
0
0
0
0
0
0
0
0
0
0
0
0
0
0
0
0
0
0
0
0
0
0
0
0
0
0
0
0
0
0
0
0
0
0
0
0
0
0
0
0
0
0
0
0
0
0
0
0
0
0
0
0
0
0
0
0
0
0
0
0
0
0
0
0
0
0
0
0
0
0
0
0
0
0
0
0
0
0
0
0
0
0
0
0
0
0
0
0
0
0
0
0
0
0
0
0
0
0
0
0
0
0
0
0
0
0
0
0
0
0
0
0
0
0
0
0
0
0
0
0
0
0
0
0
0
0
0
0
0
0
0
0
0
0
0
0
0
0
0
0
0
0
0
0
0
0
0
0
0
0
0
0
0
0
0
0
0
0
0
0
0
0
0
0
0
0
0
0
0
0
0
0
0
0
0
0
0
0
0
0
0
0
0
0
0
0
0
0
0
0
0
0
0
0
0
0
0
0
0
0
0
0
0
0
0
0
0
0
0
0
0
0
0
0
0
0
0
0
0
0
0
0
0
0
0
0
0
0
0
0
0
0
0
0
0
0
0
0
0
0
0
0
0
0
0
0
0
0
0
0
0
0
0
0
0
0
0
0
0
0
0
0
0
0
0
0
0
0
0
0
0
0
0
0
0
0
0
0
0
0
0
0
0
0
0
0
0
0
0
0
0
0
0
0
0
0
0
0
0
0
0
0
0
0
0
0
0
0
0
0
0
0
0
0
0
0
0
0
0
0
0
0
0
0
0
0
0
0
0
0
0
0
0
0
0
0
0
0
0
0
0
0
0
0
0
0
0
0
0
0
0
0
0
0
0
0
0
0
0
0
0
0
0
0
0
0
0
0
0
0
0
