hex
3652d40f
2e000000
3f7fffcb
4b004000
0
8000
0
c000
0
10000
0
14000
0
18000
0
1c000
0
0
0
0
0
4000
0
8000
0
0
0
0
0
4000
0
8000
0
0
0
0
0
0
0
0
0
0
0
0
bf7ffffb
ce000000
0
4000
0
8000
0
c000
0
10000
0
14000
0
18000
0
1c000
0
20000
0
24000
0
28000
0
2c000
0
30000
0
34000
0
0
0
4000
0
0
0
0
0
0
0
0
0
0
0
0
0
0
0
4000
0
8000
0
c000
0
10000
0
14000
0
18000
0
1c000
0
20000
0
24000
0
28000
0
2c000
0
30000
0
34000
bf7ffffb
ce000000
0
4000
0
0
0
0
0
0
0
0
0
0
0
0
0
0
0
4000
0
8000
0
c000
0
10000
0
14000
0
18000
0
1c000
0
20000
0
24000
0
28000
0
2c000
0
30000
0
34000
0
0
0
4000
0
0
0
0
0
0
0
0
0
0
0
0
bf7ffffb
ce000000
0
4000
0
8000
0
c000
0
10000
0
14000
0
18000
0
0
0
4000
0
8000
0
c000
0
10000
0
14000
0
18000
0
0
bf7ffffb
ce000000
0
0
0
0
0
0
0
0
3f800000
8000
bf800000
8000
0
0
0
0
0
0
0
0
0
4000
0
8000
0
c000
0
0
0
4000
0
8000
0
0
0
4000
0
8000
0
c000
3f800000
8000
0
0
0
4000
3f800000
8000
bf800000
8000
3f800000
4000
3f800000
0
0
0
0
0
0
4000
0
8000
0
c000
0
10000
0
14000
0
18000
0
1c000
0
20000
0
24000
0
28000
0
2c000
0
30000
0
34000
0
0
0
4000
0
0
0
0
0
0
0
0
0
0
0
0
0
0
0
0
0
0
0
0
0
4000
0
8000
0
c000
0
0
0
4000
0
8000
0
0
0
4000
0
8000
0
c000
bf800000
8000
0
0
0
4000
3f800000
8000
bf800000
8000
3f800000
4000
3f800000
0
0
0
0
0
0
4000
0
8000
0
c000
0
10000
0
14000
0
18000
bf7ffffb
ce000000
0
4000
0
8000
0
c000
0
10000
0
14000
0
18000
0
0
0
0
bf7ffffb
ce000000
0
0
0
0
0
0
3f800000
8000
bf800000
8000
0
0
0
4000
0
8000
0
c000
0
10000
0
14000
0
18000
0
1c000
0
20000
0
24000
0
28000
0
2c000
0
30000
0
34000
0
0
0
4000
0
0
0
0
0
0
0
0
0
0
0
0
0
0
0
4000
0
8000
0
c000
0
10000
0
14000
0
18000
0
0
0
4000
0
8000
0
c000
0
10000
0
14000
0
18000
0
0
bf7ffffb
ce000000
0
0
0
0
0
0
3f800000
c000
0
0
bf800000
c000
0
0
0
0
0
0
0
0
0
4000
0
8000
0
c000
0
0
0
4000
0
8000
0
0
0
4000
0
8000
0
c000
3f800000
c000
0
0
3f800000
c000
0
0
bf800000
c000
3f800000
4000
3f800000
0
0
0
3652d40f
2e000000
3f7fffcb
4b004000
0
8000
0
c000
0
10000
0
14000
0
18000
0
1c000
0
20000
0
24000
0
28000
bf7ffffb
ce000000
0
4000
0
8000
0
0
0
4000
0
8000
0
0
bf7ffffb
ce000000
0
0
0
0
0
0
0
0
0
4000
bf7fffff
f5008000
bf7fffff
f500c000
0
10000
0
14000
0
18000
0
1c000
0
20000
0
24000
392ec33e
1ca00000
b8aec33e
1ca04000
b8aec33e
1ca08000
0
0
0
4000
3f7fffff
f5008000
0
c000
0
10000
0
14000
b8aec33e
1ca00000
392ec33e
1ca04000
b8aec33e
1ca08000
b8aec33c
ab000000
0
4000
3f7fffff
f2008000
b10f2a62
6d00c000
0
10000
0
14000
b8aec33e
19a00000
392ec33e
1da04000
b8aec33e
20a08000
3f800000
8000
3f800000
c000
0
0
0
4000
bf800000
8000
bf800000
c000
0
0
0
0
0
0
0
4000
0
8000
0
c000
0
0
0
0
0
0
3f800000
c000
3f800000
8000
3f800000
4000
3f800000
0
0
0
0
0
0
0
0
0
0
4000
0
8000
3f800000
c000
0
0
0
4000
3f800000
c000
0
0
0
4000
0
8000
bf800000
c000
0
10000
0
14000
0
18000
0
1c000
0
0
0
0
3f800000
4000
3f800000
0
b92ec33c
ad000000
0
4000
bf7fffff
ee008000
0
c000
0
10000
38aec33e
1ba00000
b92ec33e
1ba04000
38aec33e
1ba08000
0
0
0
4000
bf800000
8000
bf800000
c000
0
0
0
4000
0
0
0
4000
0
8000
0
0
0
0
0
4000
0
0
0
0
bf800000
8000
3f800000
c000
3f800000
8000
3f800000
4000
3f800000
0
bf7ffffb
bc000000
0
4000
0
8000
b851b715
9c00c000
0
10000
310f2a62
6fa00000
310f2a62
6fa04000
b18f2a62
6fa08000
0
0
0
4000
bf800000
8000
bf800000
c000
0
0
0
4000
0
0
0
4000
0
8000
0
0
0
0
0
4000
0
0
0
0
3f800000
c000
3f800000
c000
3f800000
8000
3f800000
4000
3f800000
0
0
0
0
4000
0
8000
0
c000
0
10000
0
14000
0
18000
0
1c000
0
20000
0
24000
0
28000
0
2c000
0
30000
0
34000
0
0
0
4000
0
0
0
0
0
0
0
0
0
0
0
0
0
0
0
0
0
0
0
0
0
4000
0
8000
0
c000
0
0
0
4000
0
8000
0
0
0
4000
0
8000
0
c000
bf800000
c000
0
0
3f800000
c000
0
0
bf800000
c000
3f800000
4000
3f800000
0
0
0
0
0
0
4000
0
8000
0
c000
0
10000
0
14000
0
18000
0
0
0
4000
0
8000
0
c000
0
10000
0
14000
0
18000
0
0
0
0
bf7ffffb
ce000000
0
0
0
0
3f800000
c000
0
0
bf800000
c000
0
0
0
0
0
0
0
0
0
4000
0
8000
bf800000
c000
0
0
0
4000
3f800000
c000
0
0
0
4000
0
8000
bf800000
c000
0
10000
0
14000
0
18000
0
1c000
0
0
0
0
3f800000
4000
3f800000
0
392ec33c
ad000000
0
4000
0
8000
3f7fffff
ee00c000
0
10000
b8aec33e
1ba00000
b8aec33e
1ba04000
392ec33e
1ba08000
0
0
0
4000
bf800000
8000
bf800000
c000
0
0
0
4000
0
0
0
4000
0
8000
0
0
0
0
0
4000
0
0
0
0
bf800000
c000
3f800000
c000
3f800000
8000
3f800000
4000
3f800000
0
3f7ffffb
bc000000
0
4000
3851b715
9c008000
0
c000
0
10000
b10f2a62
6fa00000
318f2a62
6fa04000
b10f2a62
6fa08000
0
0
0
4000
bf800000
8000
bf800000
c000
0
0
0
4000
0
0
0
4000
0
8000
0
0
0
0
0
4000
0
0
0
0
3f800000
8000
3f800000
c000
3f800000
8000
3f800000
4000
3f800000
0
3652d40f
2e000000
3f7fffcb
4b004000
0
8000
0
c000
0
10000
0
14000
0
18000
0
1c000
0
20000
0
24000
0
28000
0
0
0
4000
0
8000
bf7ffffb
ce000000
0
4000
0
8000
0
0
0
0
bf7ffffb
ce000000
0
0
0
0
bf7ffffb
bc000000
0
4000
3851b715
9a008000
3851b715
9a00c000
0
10000
0
14000
b18f2a62
6ea00000
310f2a62
6ea04000
310f2a62
6ea08000
bf800000
8000
bf800000
c000
0
0
0
4000
bf800000
8000
bf800000
c000
0
0
0
0
0
0
0
4000
0
8000
0
c000
0
0
0
0
0
0
3f800000
c000
3f800000
8000
3f800000
4000
3f800000
0
0
0
0
4000
3f7fffff
f5008000
3f7fffff
f500c000
0
10000
0
14000
0
18000
0
1c000
0
20000
0
24000
b92ec33e
1ca00000
38aec33e
1ca04000
38aec33e
1ca08000
0
0
0
4000
0
8000
3f7fffff
f500c000
0
10000
0
14000
b8aec33e
1ca00000
b8aec33e
1ca04000
392ec33e
1ca08000
0
0
0
0
0
0
0
0
0
4000
0
8000
0
c000
0
0
0
4000
0
8000
0
c000
0
10000
0
14000
0
18000
0
1c000
3f800000
c000
3f800000
8000
0
0
3f800000
4000
0
0
3f7fffcb
4b004000
0
0
0
0
0
0
0
0
0
0
0
0
0
0
0
0
0
0
0
0
0
0
0
0
0
0
0
0
0
0
0
0
