int
0
0
0
0
0
0
0
2068
3653
3690
2059
0
0
0
0
2052
0
3593
3686
2075
0
0
0
2088
0
0
3625
3590
2087
0
2099
2048
3683
3651
3619
3621
3658
3587
2111
2080
2107
2103
2095
2079
2067
6159
0
0
0
0
0
0
0
2068
2057
3622
2083
0
0
0
0
2052
3657
2091
3686
2099
3683
3651
3619
2048
2073
3595
3591
3654
3587
2111
2107
2084
3625
2103
2095
3690
2079
2067
6159
0
0
0
0
0
0
0
2068
2057
3690
2083
0
0
0
0
2052
3653
2091
3658
2099
3683
3651
3619
2048
2073
3595
3591
3626
3587
2111
2107
2084
3621
2103
2095
3686
2079
2067
6159
0
0
0
0
0
0
2091
2052
2081
3590
0
0
3659
0
2099
2048
2057
3683
3686
3651
3627
3623
3619
3592
2073
3587
3690
2111
2107
2103
3652
2095
2069
2079
2086
2067
6159
0
0
0
0
0
0
2063
0
2056
3657
3654
0
0
3619
0
0
0
2072
2053
0
3686
3587
0
2099
3683
2084
3651
2049
3627
3690
3623
3595
3591
2088
2111
2107
2081
2103
2070
2095
2079
6163
0
0
0
0
0
0
0
3587
2048
3653
3690
0
0
0
0
2087
0
2072
0
2057
3686
0
0
3619
0
2060
2099
3683
3651
2053
2070
3627
3623
2088
3595
3591
2111
2107
2081
2103
3658
2095
2079
6163
0
0
0
0
0
0
3659
2052
2081
3690
0
0
3655
0
2099
2048
2057
3683
3594
3651
3627
3623
3619
3588
2073
3587
3686
2111
2107
2103
2088
2095
2069
2079
2086
2067
6159
0
0
0
0
0
0
0
3587
2048
3653
3690
0
0
0
0
2087
0
2072
0
2057
3686
0
0
3619
0
2060
2099
3683
3651
2053
2070
3627
3623
2088
3595
3591
2111
2107
2081
2103
3658
2095
2079
6163
0
0
0
0
0
0
2063
0
2056
3653
3690
0
0
3619
0
0
0
2072
2053
0
3658
3587
0
2099
3683
2084
3651
2049
3627
3686
3623
3595
3591
2088
2111
2107
2081
2103
2070
2095
2079
6163
0
0
0
0
0
0
3623
2052
2081
3590
0
0
3627
0
2099
2048
2057
3683
3686
3659
3655
3651
3619
3592
2073
3587
3690
2111
2107
2103
2088
2095
2069
2079
2086
2067
6159
0
0
0
0
0
0
2067
0
2068
2081
3622
0
0
2087
0
0
0
2052
2057
0
3686
3651
0
2099
3683
3659
2088
2073
3655
3690
3619
3595
3591
3584
2111
2107
3625
2103
2050
2095
2079
6159
0
0
0
0
0
0
0
2067
2088
2073
3690
0
0
0
0
3587
0
2068
0
2049
3686
0
2087
0
2099
3683
2080
3659
3655
3625
3622
3619
3595
3591
3648
2111
2107
2103
2053
2095
2058
2079
6159
0
0
0
0
0
0
2067
0
2072
2089
3590
0
0
3619
0
0
0
2068
2053
0
3686
3651
0
2099
3683
2080
3659
2049
3655
3690
3627
3623
3587
2084
2111
2107
2057
2103
3594
2095
2060
6175
0
0
0
0
0
0
0
2091
0
3616
2065
3586
3687
0
0
0
3691
0
2099
2052
3649
2050
3683
3659
3655
3627
3623
3595
3591
2080
2061
2074
2111
2107
2103
2095
2079
0
2084
0
2057
6166
0
0
0
0
0
0
0
2091
0
0
3616
2073
2058
3691
0
0
0
0
3687
0
2099
2060
3649
3586
3683
3659
3655
3627
3623
3595
3591
2080
2111
2069
2054
2107
2103
2095
2079
0
2084
0
0
0
2065
6146
0
0
0
0
0
0
0
3651
2056
3589
3690
0
0
0
0
2087
0
2088
0
2049
3686
0
0
2083
0
3616
2099
3683
3659
2053
2070
3655
3627
2060
3623
3587
2111
2107
2103
2073
3594
2064
2095
6175
0
0
0
0
0
0
0
2091
0
0
3616
2073
2058
3691
0
0
0
0
3687
0
2099
2060
3649
3586
3683
3659
3655
3627
3623
3595
3591
2080
2111
2069
2054
2107
2103
2095
2079
0
2084
0
0
0
2065
6146
0
0
0
0
0
0
0
2091
0
0
3616
2073
2058
3691
0
0
0
0
3687
0
2099
2060
3649
3586
3683
3659
3655
3627
3623
3595
3591
2080
2111
2069
2054
2107
2103
2095
2079
0
2084
0
0
0
2065
6146
0
0
0
0
0
0
2091
2052
2081
3690
0
0
3623
0
2099
2048
2057
3683
3594
3659
3655
3651
3619
3588
2073
3587
3686
2111
2107
2103
3624
2095
2069
2079
2086
2067
6159
0
0
0
0
0
0
0
2067
2088
2073
3690
0
0
0
0
3587
0
2068
0
2049
3686
0
2087
0
2099
3683
2080
3659
3655
3625
3622
3619
3595
3591
3648
2111
2107
2103
2053
2095
2058
2079
6159
0
0
0
0
0
0
2067
0
2068
2081
3690
0
0
2087
0
0
0
2052
2057
0
3626
3651
0
2099
3683
3659
2088
2073
3655
3686
3619
3595
3591
3584
2111
2107
3621
2103
2050
2095
2079
6159
0
0
0
0
0
0
0
3651
2056
3589
3690
0
0
0
0
2087
0
2088
0
2049
3686
0
0
2083
0
3616
2099
3683
3659
2053
2070
3655
3627
2060
3623
3587
2111
2107
2103
2073
3594
2064
2095
6175
0
0
0
0
0
0
0
2091
0
0
3616
2073
2058
3691
0
0
0
0
3687
0
2099
2060
3649
3586
3683
3659
3655
3627
3623
3595
3591
2080
2111
2069
2054
2107
2103
2095
2079
0
2084
0
0
0
2065
6146
0
0
0
0
0
0
0
2091
0
0
3616
2073
2058
3691
0
0
0
0
3687
0
2099
2060
3649
3586
3683
3659
3655
3627
3623
3595
3591
2080
2111
2069
2054
2107
2103
2095
2079
0
2084
0
0
0
2065
6146
0
0
0
0
0
0
2067
0
2072
2089
3690
0
0
3619
0
0
0
2068
2053
0
3594
3651
0
2099
3683
2080
3659
2049
3655
3686
3627
3623
3587
2084
2111
2107
2057
2103
3590
2095
2060
6175
0
0
0
0
0
0
0
2091
0
0
3616
2073
2058
3691
0
0
0
0
3687
0
2099
2060
3649
3586
3683
3659
3655
3627
3623
3595
3591
2080
2111
2069
2054
2107
2103
2095
2079
0
2084
0
0
0
2065
6146
0
0
0
0
0
0
0
2091
0
3616
2065
3586
3691
0
0
0
3687
0
2099
2052
3649
2050
3683
3659
3655
3627
3623
3595
3591
2080
2061
2074
2111
2107
2103
2095
2079
0
2084
0
2057
6166
0
0
0
0
0
0
0
3624
2073
3590
2083
0
0
0
0
2048
2069
2091
3654
2099
3691
3687
3683
3592
3657
3651
3619
3622
3587
2111
2107
2084
2053
2103
2095
2058
2079
2067
6159
0
0
0
0
0
0
0
0
2084
3681
2074
3655
0
0
0
0
0
2080
3657
2070
0
3623
0
0
0
0
2076
2089
2054
0
2051
2098
3690
3686
3650
3584
3625
3618
3594
3590
2110
2106
2102
2094
2066
2062
6155
0
0
0
0
0
0
0
0
0
2084
2073
3654
2051
0
0
0
0
0
0
2080
2069
2090
2059
0
0
0
0
0
0
2076
2053
3626
3683
2097
3689
3685
3649
3617
3593
3584
3589
2109
2105
2101
2093
2065
2061
3622
7755
0
0
0
0
0
0
0
0
3616
3681
3654
2051
0
0
0
0
0
3592
3657
2087
3590
0
2099
3691
3687
3651
2076
2089
3627
2062
3623
3587
2111
2107
2103
2072
2053
2095
2058
2067
0
0
0
0
2068
6177
0
0
0
0
0
0
0
0
0
3616
2073
3658
3655
0
0
0
0
0
0
2080
2069
2058
2051
0
0
0
0
0
0
2076
2089
2054
2063
2097
3689
3685
3649
3625
3621
3584
3593
3589
2109
2105
2101
2093
2065
2086
7779
0
0
0
0
0
0
0
0
0
0
3616
2073
3654
2051
0
0
0
0
0
0
0
2080
2069
2058
2063
0
0
0
0
0
0
0
2076
2089
2054
3683
2097
3689
3685
3649
3625
3621
3593
3584
3589
2109
2105
2101
2093
2065
2086
7755
0
0
0
0
0
0
0
0
2087
3588
2089
2062
2099
3691
3687
3651
3627
3623
3587
2076
2053
2058
2111
2107
2103
2095
2067
0
0
2072
2081
3682
0
0
0
0
0
0
0
2068
3617
3658
0
0
0
0
0
0
0
2048
3593
7750
0
0
0
0
0
0
0
0
0
0
3616
2073
3654
2051
0
0
0
0
0
0
0
2080
2069
2058
2063
0
0
0
0
0
0
0
2076
2089
2054
3683
2097
3689
3685
3649
3625
3621
3593
3584
3589
2109
2105
2101
2093
2065
2086
7755
0
0
0
0
0
0
0
0
0
0
3616
2073
3654
2051
0
0
0
0
0
0
0
2080
2069
2058
2063
0
0
0
0
0
0
0
2076
2089
2054
3683
2097
3689
3685
3649
3625
3621
3593
3584
3589
2109
2105
2101
2093
2065
2086
7755
0
0
0
0
0
0
0
0
2076
3681
3590
2051
0
0
0
0
0
3592
2085
0
3622
2059
0
0
2099
3691
2072
2081
3687
2054
3659
3655
3619
3587
2111
2068
3649
2107
2090
2103
2095
2063
0
0
2064
7721
0
0
0
0
0
0
0
0
0
2052
2073
2058
3623
0
0
0
0
0
0
2080
2069
2090
2067
0
0
0
0
0
0
2076
2085
3650
2051
2097
3689
3685
3657
3653
3617
3584
3593
3589
2109
2105
2101
2093
2061
3626
7779
0
0
0
0
0
0
0
0
0
0
2052
2073
2090
2067
0
0
0
0
0
0
0
2080
2069
3650
2051
0
0
0
0
0
0
0
2076
2085
3626
3683
2097
3689
3685
3657
3653
3617
3593
3584
3589
2109
2105
2101
2093
2061
3622
6155
0
0
0
0
0
0
0
0
0
3616
2089
2062
3591
0
0
0
0
0
0
3592
2085
2082
2059
0
2098
3690
3686
3658
3654
2072
3649
3626
3622
3586
2110
2106
2102
2094
2055
2068
2049
0
0
0
0
0
0
0
3683
2064
6173
0
0
0
0
0
0
0
0
2091
0
3616
2057
2074
3683
0
0
0
2079
0
0
2099
2080
3649
2070
3691
3687
3659
3655
3627
3623
3595
3591
2048
2053
2066
2111
2107
2103
2095
0
0
0
0
3584
2085
6158
0
0
0
0
0
0
0
0
0
2091
0
3616
2057
2074
3683
0
0
0
0
2079
0
0
2099
2080
3649
2070
3691
3687
3659
3655
3627
3623
3595
3591
2111
2048
2053
2066
2107
2103
2095
0
0
0
0
0
0
3584
2085
6158
0
0
0
0
0
0
0
0
0
2083
3588
3649
2058
2099
3691
3687
3659
3655
3627
3623
3587
2072
2049
2054
2111
2107
2103
2095
0
0
0
0
2068
2077
3682
0
0
0
0
0
0
0
0
2064
3617
2090
0
0
0
0
0
0
0
0
2060
3593
6182
0
0
0
0
0
0
0
0
0
2091
0
3616
2057
2074
3683
0
0
0
0
2079
0
0
2099
2080
3649
2070
3691
3687
3659
3655
3627
3623
3595
3591
2111
2048
2053
2066
2107
2103
2095
0
0
0
0
0
0
3584
2085
6158
0
0
0
0
0
0
0
0
0
2091
0
3616
2057
2074
3683
0
0
0
0
2079
0
0
2099
2080
3649
2070
3691
3687
3659
3655
3627
3623
3595
3591
2111
2048
2053
2066
2107
2103
2095
0
0
0
0
0
0
3584
2085
6158
0
0
0
0
0
0
0
0
0
3588
3649
2054
2059
0
0
2099
3691
3687
3659
2072
3625
2090
3655
3619
3587
2111
2107
2103
2095
2068
3621
3682
2063
0
0
0
0
0
0
2064
2077
2086
0
0
0
0
0
0
0
2048
3593
6178
0
0
0
0
0
0
0
0
0
0
2052
2073
2090
2067
0
0
0
0
0
0
0
2080
2069
3650
2051
0
0
0
0
0
0
0
2076
2085
3626
3683
2097
3689
3685
3657
3653
3617
3593
3584
3589
2109
2105
2101
2093
2061
3622
6155
0
0
0
0
0
0
0
0
0
0
2052
2073
2090
2067
0
0
0
0
0
0
0
2080
2069
3650
2051
0
0
0
0
0
0
0
2076
2085
3626
3683
2097
3689
3685
3657
3653
3617
3593
3584
3589
2109
2105
2101
2093
2061
3622
6155
0
0
0
0
0
0
0
0
0
2083
3588
3649
2058
2099
3691
3687
3659
3655
3627
3623
3587
2072
2049
2054
2111
2107
2103
2095
0
0
0
0
2068
2077
3682
0
0
0
0
0
0
0
0
2064
3617
2090
0
0
0
0
0
0
0
0
2060
3593
6182
0
0
0
0
0
0
0
0
0
2091
0
3616
2057
2074
3683
0
0
0
0
2079
0
0
2099
2080
3649
2070
3691
3687
3659
3655
3627
3623
3595
3591
2111
2048
2053
2066
2107
2103
2095
0
0
0
0
0
0
3584
2085
6158
0
0
0
0
0
0
0
0
0
2091
0
3616
2057
2074
3683
0
0
0
0
2079
0
0
2099
2080
3649
2070
3691
3687
3659
3655
3627
3623
3595
3591
2111
2048
2053
2066
2107
2103
2095
0
0
0
0
0
0
3584
2085
6158
0
0
0
0
0
0
0
0
0
2083
3588
3649
2058
2099
3691
3687
3659
3655
3627
3623
3587
2072
2049
2054
2111
2107
2103
2095
0
0
0
0
2068
2077
3682
0
0
0
0
0
0
0
0
2064
3617
2090
0
0
0
0
0
0
0
0
2060
3593
6182
0
0
0
0
0
0
0
0
0
2091
0
3616
2057
2074
3683
0
0
0
0
2079
0
0
2099
2080
3649
2070
3691
3687
3659
3655
3627
3623
3595
3591
2111
2048
2053
2066
2107
2103
2095
0
0
0
0
0
0
3584
2085
6158
0
0
0
0
0
0
0
0
0
2091
0
3616
2057
2074
3683
0
0
0
0
2079
0
0
2099
2080
3649
2070
3691
3687
3659
3655
3627
3623
3595
3591
2111
2048
2053
2066
2107
2103
2095
0
0
0
0
0
0
3584
2085
6158
0
0
0
0
0
0
0
3620
2073
3658
2083
0
0
0
0
2048
2069
2091
3626
2099
3691
3687
3683
3588
3653
3651
3619
3594
3587
2111
2107
2084
2053
2103
2095
2058
2079
2067
6159
0
0
0
0
0
0
0
0
0
2084
2073
3654
2051
0
0
0
0
0
0
2080
2069
2090
2059
0
0
0
0
0
0
2076
2053
3626
3683
2097
3689
3685
3649
3617
3593
3584
3589
2109
2105
2101
2093
2065
2061
3622
7755
0
0
0
0
0
0
0
0
2084
3681
2074
3627
0
0
0
0
0
2080
3653
2070
0
3659
0
0
0
0
2076
2089
2054
0
2051
2098
3690
3686
3650
3584
3621
3618
3594
3590
2110
2106
2102
2094
2066
2062
6155
0
0
0
0
0
0
0
0
2087
3588
2089
2062
2099
3691
3687
3651
3627
3623
3587
2076
2053
2058
2111
2107
2103
2095
2067
0
0
2072
2081
3682
0
0
0
0
0
0
0
2068
3617
3658
0
0
0
0
0
0
0
2048
3593
7750
0
0
0
0
0
0
0
0
0
0
3616
2073
3654
2051
0
0
0
0
0
0
0
2080
2069
2058
2063
0
0
0
0
0
0
0
2076
2089
2054
3683
2097
3689
3685
3649
3625
3621
3593
3584
3589
2109
2105
2101
2093
2065
2086
7755
0
0
0
0
0
0
0
0
0
0
3616
2073
3654
2051
0
0
0
0
0
0
0
2080
2069
2058
2063
0
0
0
0
0
0
0
2076
2089
2054
3683
2097
3689
3685
3649
3625
3621
3593
3584
3589
2109
2105
2101
2093
2065
2086
7755
0
0
0
0
0
0
0
0
3616
3681
3594
2051
0
0
0
0
0
3588
3653
2087
3658
0
2099
3691
3687
3651
2076
2089
3627
2062
3623
3587
2111
2107
2103
2072
2053
2095
2058
2067
0
0
0
0
2068
6177
0
0
0
0
0
0
0
0
0
0
3616
2073
3654
2051
0
0
0
0
0
0
0
2080
2069
2058
2063
0
0
0
0
0
0
0
2076
2089
2054
3683
2097
3689
3685
3649
3625
3621
3593
3584
3589
2109
2105
2101
2093
2065
2086
7755
0
0
0
0
0
0
0
0
0
3616
2073
3654
3659
0
0
0
0
0
0
2080
2069
2058
2051
0
0
0
0
0
0
2076
2089
2054
2063
2097
3689
3685
3649
3625
3621
3584
3593
3589
2109
2105
2101
2093
2065
2086
7779
0
0
0
0
0
0
0
0
0
3588
3649
2054
2059
0
0
2099
3691
3687
3659
2072
3625
2090
3655
3619
3587
2111
2107
2103
2095
2068
3621
3682
2063
0
0
0
0
0
0
2064
2077
2086
0
0
0
0
0
0
0
2048
3593
6178
0
0
0
0
0
0
0
0
0
0
2052
2073
2090
2067
0
0
0
0
0
0
0
2080
2069
3650
2051
0
0
0
0
0
0
0
2076
2085
3626
3683
2097
3689
3685
3657
3653
3617
3593
3584
3589
2109
2105
2101
2093
2061
3622
6155
0
0
0
0
0
0
0
0
0
0
2052
2073
2090
2067
0
0
0
0
0
0
0
2080
2069
3650
2051
0
0
0
0
0
0
0
2076
2085
3626
3683
2097
3689
3685
3657
3653
3617
3593
3584
3589
2109
2105
2101
2093
2061
3622
6155
0
0
0
0
0
0
0
0
0
2083
3588
3649
2058
2099
3691
3687
3659
3655
3627
3623
3587
2072
2049
2054
2111
2107
2103
2095
0
0
0
0
2068
2077
3682
0
0
0
0
0
0
0
0
2064
3617
2090
0
0
0
0
0
0
0
0
2060
3593
6182
0
0
0
0
0
0
0
0
0
2091
0
3616
2057
2074
3683
0
0
0
0
2079
0
0
2099
2080
3649
2070
3691
3687
3659
3655
3627
3623
3595
3591
2111
2048
2053
2066
2107
2103
2095
0
0
0
0
0
0
3584
2085
6158
0
0
0
0
0
0
0
0
0
2091
0
3616
2057
2074
3683
0
0
0
0
2079
0
0
2099
2080
3649
2070
3691
3687
3659
3655
3627
3623
3595
3591
2111
2048
2053
2066
2107
2103
2095
0
0
0
0
0
0
3584
2085
6158
0
0
0
0
0
0
0
0
0
2083
3588
3649
2058
2099
3691
3687
3659
3655
3627
3623
3587
2072
2049
2054
2111
2107
2103
2095
0
0
0
0
2068
2077
3682
0
0
0
0
0
0
0
0
2064
3617
2090
0
0
0
0
0
0
0
0
2060
3593
6182
0
0
0
0
0
0
0
0
0
2091
0
3616
2057
2074
3683
0
0
0
0
2079
0
0
2099
2080
3649
2070
3691
3687
3659
3655
3627
3623
3595
3591
2111
2048
2053
2066
2107
2103
2095
0
0
0
0
0
0
3584
2085
6158
0
0
0
0
0
0
0
0
0
2091
0
3616
2057
2074
3683
0
0
0
0
2079
0
0
2099
2080
3649
2070
3691
3687
3659
3655
3627
3623
3595
3591
2111
2048
2053
2066
2107
2103
2095
0
0
0
0
0
0
3584
2085
6158
0
0
0
0
0
0
0
0
2076
3681
3626
2051
0
0
0
0
0
3588
2085
0
3594
2059
0
0
2099
3691
2072
2081
3687
2054
3659
3655
3619
3587
2111
2068
3649
2107
2090
2103
2095
2063
0
0
2064
7717
0
0
0
0
0
0
0
0
0
0
2052
2073
2090
2067
0
0
0
0
0
0
0
2080
2069
3650
2051
0
0
0
0
0
0
0
2076
2085
3626
3683
2097
3689
3685
3657
3653
3617
3593
3584
3589
2109
2105
2101
2093
2061
3622
6155
0
0
0
0
0
0
0
0
0
2052
2073
2058
3627
0
0
0
0
0
0
2080
2069
2090
2067
0
0
0
0
0
0
2076
2085
3650
2051
2097
3689
3685
3657
3653
3617
3584
3593
3589
2109
2105
2101
2093
2061
3622
7779
0
0
0
0
0
0
0
0
0
2083
3588
3649
2058
2099
3691
3687
3659
3655
3627
3623
3587
2072
2049
2054
2111
2107
2103
2095
0
0
0
0
2068
2077
3682
0
0
0
0
0
0
0
0
2064
3617
2090
0
0
0
0
0
0
0
0
2060
3593
6182
0
0
0
0
0
0
0
0
0
2091
0
3616
2057
2074
3683
0
0
0
0
2079
0
0
2099
2080
3649
2070
3691
3687
3659
3655
3627
3623
3595
3591
2111
2048
2053
2066
2107
2103
2095
0
0
0
0
0
0
3584
2085
6158
0
0
0
0
0
0
0
0
0
2091
0
3616
2057
2074
3683
0
0
0
0
2079
0
0
2099
2080
3649
2070
3691
3687
3659
3655
3627
3623
3595
3591
2111
2048
2053
2066
2107
2103
2095
0
0
0
0
0
0
3584
2085
6158
0
0
0
0
0
0
0
0
0
3616
2089
2062
3595
0
0
0
0
0
0
3588
2085
2082
2059
0
2098
3690
3686
3658
3654
2072
3649
3626
3622
3586
2110
2106
2102
2094
2055
2068
2049
0
0
0
0
0
0
0
3683
2064
6173
0
0
0
0
0
0
0
0
0
2091
0
3616
2057
2074
3683
0
0
0
0
2079
0
0
2099
2080
3649
2070
3691
3687
3659
3655
3627
3623
3595
3591
2111
2048
2053
2066
2107
2103
2095
0
0
0
0
0
0
3584
2085
6158
0
0
0
0
0
0
0
0
2091
0
3616
2057
2074
3683
0
0
0
2079
0
0
2099
2080
3649
2070
3691
3687
3659
3655
3627
3623
3595
3591
2048
2053
2066
2111
2107
2103
2095
0
0
0
0
3584
2085
6158
0
0
0
0
0
0
0
0
2091
0
3616
2057
2074
3683
0
0
0
2079
0
0
2099
2080
3649
2070
3691
3687
3659
3655
3627
3623
3595
3591
2048
2053
2066
2111
2107
2103
2095
0
0
0
0
3584
2085
6158
0
0
0
0
0
0
0
0
0
0
0
0
0
0
0
0
0
0
0
0
0
0
0
0
0
0
0
0
0
0
0
0
0
0
0
0
0
0
0
0
0
0
0
0
0
0
0
0
0
0
0
0
0
0
0
0
0
0
0
0
0
0
0
0
0
0
0
0
0
0
0
0
0
0
0
0
0
0
0
0
0
0
0
0
0
0
0
0
0
0
0
0
0
0
0
0
0
0
0
0
0
0
0
0
0
0
0
0
0
0
0
0
0
0
0
0
0
0
0
0
0
0
0
0
0
0
0
0
0
0
0
0
0
0
0
0
0
0
0
0
0
0
0
0
0
0
0
0
0
0
0
0
0
0
0
0
0
0
0
0
0
0
0
0
0
0
0
0
0
0
0
0
0
0
0
0
0
0
0
0
0
0
0
0
0
0
