int
0
0
2059
0
0
2119
0
0
2055
0
3624
3657
3690
2063
0
2099
0
2095
0
2091
0
3620
3653
3686
2080
2051
3683
2076
3651
3619
2072
3587
2115
3593
3590
2111
2107
2103
2087
2071
6163
0
2091
2080
3591
3683
2076
3657
3654
2072
3651
3619
2056
3685
3595
2116
3689
2048
3622
2096
2053
2092
3587
2061
3626
2115
2111
2107
2103
2087
2071
6163
0
3595
2080
2091
3683
2076
3653
3626
2072
3651
3619
2056
3689
3591
2116
3685
2048
3658
2096
2053
2092
3587
2061
3622
2115
2111
2107
2103
2087
2071
6163
0
3623
2080
2091
3683
2076
3657
3654
2072
3651
3627
2056
3685
3619
2116
3689
2048
3590
2096
2053
2092
3587
2061
3594
2115
2111
2107
2103
2087
2071
6163
0
0
2119
0
0
2083
2056
3689
2055
0
2099
3654
2095
3616
3585
2091
0
3623
0
2051
2064
2077
3658
3591
3683
3651
3627
2060
2073
3595
2115
3686
2111
2107
2103
2087
6167
0
0
0
0
0
0
0
0
3616
2049
2062
3655
0
0
0
0
0
3592
2065
2058
0
2053
0
3659
2117
0
2072
2081
2078
2093
0
2089
3691
2097
3681
3584
3649
3625
3589
2113
2109
2105
2101
2085
2069
3622
7783
0
2095
2080
2091
3683
2076
3653
3594
2072
3651
3623
2056
3689
3619
2116
3685
2048
3658
2096
2053
3624
3587
2061
3590
2115
2111
2107
2103
2087
2071
6163
0
0
0
0
0
0
0
0
3616
2049
2062
3655
0
0
0
0
0
2072
2065
2058
0
2053
0
3659
2117
0
3588
2081
3626
2093
0
2089
3691
2097
3681
3584
3649
3621
3593
2113
2109
2105
2101
2085
2069
2078
7783
0
0
2119
0
0
2083
2056
3685
2055
0
2099
3658
2095
3616
3585
3627
0
2091
0
3595
2064
2077
3654
2051
3683
3651
3623
2060
2073
3591
2115
3690
2111
2107
2103
2087
6167
0
2095
2080
2091
3683
2076
3593
3590
2072
3659
3651
2056
3685
3619
2116
3689
2048
3622
2096
2053
3652
3587
2061
3626
2115
2111
2107
2103
2087
2071
6163
0
0
2119
0
0
2079
3648
3689
2059
0
2099
3622
2095
2068
3585
3655
0
2091
0
2051
2052
2061
3626
3591
3683
3659
3619
2080
2073
3595
2115
3686
2111
2107
2103
2087
6163
0
0
0
0
0
0
0
0
2048
2069
2062
3627
0
0
0
0
0
3592
2053
2082
0
2057
0
3623
2117
0
2072
2077
3654
2093
0
2089
3691
2097
3681
3584
3657
3617
3589
2113
2109
2105
2101
2085
2065
3650
7783
0
0
2075
0
0
2063
2080
3689
2099
0
2095
3590
3655
2076
2069
2091
0
3623
0
2051
3616
2065
3594
3683
3659
3627
3587
2056
2053
2115
2116
3686
2111
2107
2103
3649
6183
0
0
0
0
0
0
0
0
0
0
3616
2073
3686
2055
0
0
2119
0
2099
0
2095
2060
3649
3690
3655
0
2091
0
3623
0
2051
0
2056
2069
2082
3591
3683
3659
3627
3595
2115
2111
2107
3584
2065
2078
2103
6183
0
0
0
0
0
0
0
0
0
0
0
0
2048
3649
3690
2071
0
0
0
0
0
0
0
0
0
3584
2053
3686
2067
0
0
2119
0
2095
0
2091
0
2099
2080
3621
2062
3683
3659
3627
3591
2115
2111
2107
2103
2087
0
2076
3617
2058
0
0
0
0
0
0
0
0
0
0
2072
3593
7750
0
0
0
0
0
0
0
0
2068
2077
2083
3590
0
2063
0
0
2119
3616
2053
2075
0
2095
0
3594
2091
0
2064
3653
2099
3683
3659
3623
3690
3587
2115
2048
3649
2111
2107
2103
2087
3686
0
0
2056
7721
0
0
0
0
0
0
0
0
0
0
0
3655
2056
3649
3690
0
0
0
0
0
0
0
0
3627
0
3584
2069
3686
2119
0
2095
0
2091
0
2099
3683
3659
3623
2052
2065
2082
3595
2115
2111
2107
2103
2087
0
0
0
3588
0
3617
2078
0
0
0
0
0
0
0
0
2048
0
0
2061
6170
0
0
0
0
0
0
0
0
0
0
0
3655
2056
3649
3690
0
0
0
0
0
0
0
0
3627
0
3584
2069
3686
2119
0
2095
0
2091
0
2099
3683
3659
3623
2052
2065
2082
3591
2115
2111
2107
2103
2087
0
0
0
2048
0
3617
2078
0
0
0
0
0
0
0
0
3592
0
0
2061
6170
0
2095
2080
2091
3683
2076
3589
3626
2072
3655
3651
2056
3689
3619
2116
3685
2048
3594
3656
2053
2096
3587
2061
3622
2115
2111
2107
2103
2087
2071
6163
0
0
0
0
0
0
0
0
2048
2069
2062
3627
0
0
0
0
0
2072
2053
3658
0
2057
0
3623
2117
0
3588
2077
2082
2093
0
2089
3691
2097
3681
3584
3653
3617
3593
2113
2109
2105
2101
2085
2065
3650
7783
0
0
2119
0
0
2079
3648
3685
2059
0
2099
3626
3659
2068
3585
2095
0
2091
0
3595
2052
2061
3622
2051
3683
3655
3619
2080
2073
3591
2115
3690
2111
2107
2103
2087
6163
0
0
0
0
0
0
0
0
3620
2077
2083
3590
0
2063
0
0
2119
3616
3657
2075
0
2095
0
3594
2091
0
2064
2053
2099
3683
3655
3627
3690
3587
2115
2048
3649
2111
2107
2103
2087
3686
0
0
2056
6165
0
0
0
0
0
0
0
0
0
0
0
2051
2056
3649
3690
0
0
0
0
0
0
0
0
3591
0
3584
2069
3686
2119
0
2095
0
2091
0
2099
3683
3655
3627
2052
2065
2082
3595
2115
2111
2107
2103
2087
0
0
0
3620
0
3617
2078
0
0
0
0
0
0
0
0
3656
0
0
2061
6170
0
0
0
0
0
0
0
0
0
0
0
3595
2056
3649
3690
0
0
0
0
0
0
0
0
2051
0
3584
2069
3686
2119
0
2095
0
2091
0
2099
3683
3655
3627
2052
2065
2082
3591
2115
2111
2107
2103
2087
0
0
0
3620
0
3617
2078
0
0
0
0
0
0
0
0
3656
0
0
2061
6170
0
0
2075
0
0
2063
2080
3685
2099
0
3659
3594
2095
2076
2069
3627
0
2091
0
2051
3616
2065
3590
3683
3655
3623
3587
2056
2053
2115
2116
3690
2111
2107
2103
3649
6183
0
0
0
0
0
0
0
0
0
0
0
0
3588
3649
3690
2071
0
0
0
0
0
0
0
0
0
3584
3625
3686
2067
0
0
2119
0
2095
0
2091
0
2099
2080
2053
2062
3683
3655
3623
3595
2115
2111
2107
2103
2087
0
2076
3617
3658
0
0
0
0
0
0
0
0
0
0
2072
2049
6154
0
0
0
0
0
0
0
0
0
0
3616
2073
3690
2055
0
0
2119
0
2099
0
3659
2060
3649
3686
2095
0
3627
0
2091
0
3595
0
2056
2069
2082
2051
3683
3655
3623
3591
2115
2111
2107
3584
2065
2078
2103
6183
0
2091
3592
2061
3590
2056
2081
3691
2116
3657
2048
3654
3684
2077
2096
3683
2092
3625
3622
3651
2073
2054
3619
3587
2115
2111
2107
2103
2087
2071
6163
0
2095
0
2072
2091
0
2080
3657
3654
2116
2051
2061
2076
3591
3691
2056
2085
3622
2052
3651
2096
3681
3684
3619
3626
3585
3595
2115
2111
2107
2103
2071
6163
0
0
2077
0
0
2060
2057
0
3658
2053
3655
2048
2081
0
2086
2117
0
3592
2093
3623
2089
3686
2097
2072
3689
3649
3617
3589
2113
3584
2109
2105
2101
2069
2065
3682
7723
0
2099
0
2056
3687
0
3657
2076
3654
2095
2080
3617
2091
2116
3623
2065
2072
3590
2051
2052
3681
3691
2060
3651
2085
3594
3627
3587
2115
2111
2107
2103
6167
0
0
2082
0
0
2118
0
2060
2057
2054
0
2098
3655
3686
0
3616
3681
2094
0
2090
0
3622
0
2076
2065
2050
3659
3590
3690
3650
3626
2072
2085
3594
2114
2110
2106
2102
2070
7683
0
0
0
0
0
0
0
0
0
3592
3681
2059
3654
0
2083
0
0
2119
0
2064
2073
2055
0
2095
0
3658
2091
0
2099
3584
2049
3691
3651
3627
3591
2078
2115
2111
2107
2060
3621
2103
2071
0
0
3686
0
0
0
2084
7713
0
2091
0
2099
3691
3616
2049
3651
3654
3623
3587
2064
3685
2115
2111
2107
2103
2076
3681
3594
2072
2071
0
2052
2057
0
2060
0
3590
2080
3625
0
2116
0
2092
0
2085
7754
0
0
0
0
0
0
0
0
0
2064
3681
2059
3654
0
2083
0
0
2119
0
3588
2073
2055
0
2095
0
3658
2091
0
2099
3584
3625
3691
3651
3623
3595
2078
2115
2111
2107
2060
2049
2103
2071
0
0
3686
0
0
0
2084
7713
0
0
0
0
0
0
0
0
3594
3616
3683
0
3653
0
0
0
0
3626
0
2076
2082
2067
0
2118
0
3657
2054
0
2094
2072
2090
2087
2098
3690
3650
3585
3622
3590
2048
2114
2110
2106
2102
2070
2063
2057
0
7780
0
2099
0
2080
3687
0
3593
3648
3590
2095
2076
2069
3655
2116
2091
2053
2072
3622
2051
2056
3681
3691
2060
3659
2085
3626
3619
3587
2115
2111
2107
2103
6163
0
0
2078
0
0
2118
0
3648
2069
2058
0
2098
3623
3686
0
2080
3681
2094
0
3654
0
2090
0
2060
2053
2050
3627
3590
3690
3658
3618
2072
2085
3594
2114
2110
2106
2102
2066
7683
0
0
0
0
0
0
0
0
0
3592
3681
2083
3626
0
2079
0
0
2119
0
2052
2073
2059
0
2095
0
3622
2091
0
2099
3584
3653
3691
3659
3619
3591
2050
2115
2111
2107
2060
3649
2103
2067
0
0
3686
0
0
0
2084
6165
0
0
0
0
0
0
0
2064
3649
2086
2072
0
3591
2116
0
0
2060
2057
2096
3682
3684
0
2092
3595
3652
2069
2088
2082
3620
0
2048
3688
3656
3624
3584
2112
2108
2104
2100
3617
2078
6151
0
0
0
0
0
0
0
0
0
0
0
3616
2065
2078
2083
0
0
2119
0
2099
0
3687
0
2052
3649
2074
2095
0
3655
0
2091
0
3623
0
2051
2084
2061
3682
3591
3691
3659
3627
3595
2115
2111
2107
2103
3584
2057
6166
0
0
0
0
0
0
0
0
0
0
0
0
0
2080
3649
2054
2067
0
0
0
0
0
0
0
0
0
0
3584
2085
3686
2063
0
0
0
0
0
0
0
0
0
0
2076
3621
3682
2059
0
0
2119
0
2095
0
2091
0
2099
3691
2072
3617
2050
3659
3627
3591
2115
2111
2107
2103
0
0
0
0
2068
3593
7750
0
0
0
0
0
0
0
0
0
2048
3681
2078
3591
0
0
0
0
0
0
3616
2065
2054
0
0
2074
3595
0
2118
0
2056
3653
2062
0
2094
0
2090
2071
2098
3690
2084
3649
3658
3622
3586
2114
2110
2106
2102
3687
2080
7721
0
0
0
0
0
0
0
0
0
0
0
0
2051
2084
3649
2078
0
0
0
0
0
0
0
0
0
3655
0
3584
2061
2074
0
0
0
0
0
0
0
0
3627
0
0
2080
2057
3682
2119
0
2095
0
2091
0
2099
3691
3659
3623
3588
3595
3617
2070
2115
2111
2107
2103
0
0
0
0
0
3684
0
0
2053
6162
0
0
0
0
0
0
0
0
0
0
0
0
3595
2084
3649
2078
0
0
0
0
0
0
0
0
0
3655
0
3584
2061
2074
0
0
0
0
0
0
0
0
3627
0
0
2080
2057
3682
2119
0
2095
0
2091
0
2099
3691
3659
3623
2048
3591
3617
2070
2115
2111
2107
2103
0
0
0
0
0
3684
0
0
2053
6162
0
2091
0
2099
3691
2084
2053
3655
3590
3619
3587
2080
3685
2115
2111
2107
2103
2048
3681
3594
2072
2067
0
2056
3657
0
2060
0
3626
2076
2069
0
2116
0
2092
0
3649
7718
0
0
0
0
0
0
0
0
0
2052
3681
2083
3626
0
2079
0
0
2119
0
3588
3657
2059
0
2095
0
3622
2091
0
2099
3584
2073
3691
3655
3619
3595
2050
2115
2111
2107
2060
3649
2103
2067
0
0
3686
0
0
0
2084
6165
0
0
0
0
0
0
0
0
3658
2080
3683
0
3625
0
0
0
0
3594
0
2060
2078
2055
0
2118
0
3621
2058
0
2094
2072
2090
2087
2098
3690
3654
3585
3618
3590
2048
2114
2110
2106
2102
2066
3651
2069
0
7780
0
0
0
0
0
0
0
0
0
3620
3681
2078
3591
0
0
0
0
0
0
3616
3657
2054
0
0
2074
3595
0
2118
0
2056
2065
2062
0
2094
0
2090
2071
2098
3690
2084
3649
3654
3626
3586
2114
2110
2106
2102
3687
2080
6145
0
0
0
0
0
0
0
0
0
0
0
0
3659
2084
3649
2078
0
0
0
0
0
0
0
0
0
2051
0
3584
2061
2074
0
0
0
0
0
0
0
0
3591
0
0
2080
2057
3682
2119
0
2095
0
2091
0
2099
3691
3655
3627
3620
3595
3617
2070
2115
2111
2107
2103
0
0
0
0
0
3684
0
0
2053
6162
0
0
0
0
0
0
0
0
0
0
0
0
3659
2084
3649
2078
0
0
0
0
0
0
0
0
0
3595
0
3584
2061
2074
0
0
0
0
0
0
0
0
2051
0
0
2080
2057
3682
2119
0
2095
0
2091
0
2099
3691
3655
3627
3620
3591
3617
2070
2115
2111
2107
2103
0
0
0
0
0
3684
0
0
2053
6162
0
0
0
0
0
0
0
0
3659
2068
3681
0
3590
0
0
0
0
2051
0
3616
2081
2075
0
0
2119
3594
0
2063
0
2064
2077
2095
0
2091
0
2054
2099
3691
3624
3655
3649
3623
3587
2115
2111
2086
2107
3684
2103
0
6153
0
0
0
0
0
0
0
0
0
0
0
0
0
3588
3649
2054
2067
0
0
0
0
0
0
0
0
0
0
3584
3625
3686
2063
0
0
0
0
0
0
0
0
0
0
2076
2085
3682
2059
0
0
2119
0
2095
0
2091
0
2099
3691
2072
3617
3658
3655
3623
3595
2115
2111
2107
2103
0
0
0
0
2068
2081
6146
0
0
0
0
0
0
0
0
0
0
0
3659
0
2084
3649
2078
0
0
0
0
0
0
0
3595
0
0
0
3584
2061
2074
0
0
0
0
0
3627
0
0
2119
0
2095
2080
2057
3682
2091
0
2099
3691
3655
3623
3591
2115
2111
2048
2107
2103
3617
2070
0
0
0
0
0
0
0
3684
0
0
0
0
2053
6162
0
2091
3588
2061
3658
2056
2081
3687
2116
3653
3688
3626
2048
2077
2096
3683
2092
3621
3594
3651
2073
2054
3619
3587
2115
2111
2107
2103
2087
2071
6163
0
0
2077
0
0
2060
2057
0
3658
2053
3655
2048
2081
0
3690
2117
0
2072
2093
3623
2089
2086
2097
3588
3685
3649
3617
3593
2113
3584
2109
2105
2101
2069
2065
3682
7723
0
2095
0
2072
2091
0
2080
3653
3626
2116
3595
2061
2076
2051
3687
2056
2085
3658
2052
3651
3688
3681
2096
3619
3622
3585
3591
2115
2111
2107
2103
2071
6163
0
2091
0
2099
3687
3616
3689
3651
3654
3627
3587
2064
2049
2115
2111
2107
2103
2076
3681
3594
2072
2071
0
2052
2057
0
2060
0
3590
2080
2085
0
2116
0
2092
0
3621
7754
0
0
0
0
0
0
0
0
2050
3616
3683
0
3653
0
0
0
0
3590
0
2076
2082
2067
0
2118
0
3657
2054
0
2094
2072
2090
2087
2098
3686
3650
3585
3626
3594
3688
2114
2110
2106
2102
2070
2063
2057
0
7716
0
0
0
0
0
0
0
0
0
3592
3681
2059
3654
0
2083
0
0
2119
0
2064
2073
2055
0
2095
0
3658
2091
0
2099
3584
2049
3687
3651
3627
3591
3690
2115
2111
2107
2060
3621
2103
2071
0
0
2078
0
0
0
2084
7713
0
3691
0
2056
2099
0
3653
2076
3594
2095
2080
3617
3627
2116
2091
2065
2072
3658
2051
2052
3681
3687
2060
3651
2085
3590
3623
3587
2115
2111
2107
2103
6167
0
0
0
0
0
0
0
0
0
2064
3681
2059
3654
0
2083
0
0
2119
0
3588
2073
2055
0
2095
0
3658
2091
0
2099
3584
3625
3687
3651
3623
3595
3690
2115
2111
2107
2060
2049
2103
2071
0
0
2078
0
0
0
2084
7713
0
0
2082
0
0
2118
0
2060
2057
2054
0
3690
3659
2098
0
3616
3681
2094
0
3626
0
2090
0
2076
2065
3594
3655
2050
3686
3650
3622
2072
2085
3590
2114
2110
2106
2102
2070
7683
0
2091
0
2099
3687
2084
3689
3659
3590
3619
3587
2080
2053
2115
2111
2107
2103
2048
3681
3594
2072
2067
0
2056
2069
0
2060
0
3626
2076
3653
0
2116
0
2092
0
3649
7718
0
0
0
0
0
0
0
0
2050
2080
3683
0
3625
0
0
0
0
3654
0
2060
2078
2055
0
2118
0
3621
2058
0
2094
2072
2090
2087
2098
3686
3658
3585
3618
3594
3688
2114
2110
2106
2102
2066
3651
2069
0
7684
0
0
0
0
0
0
0
0
0
3592
3681
2083
3626
0
2079
0
0
2119
0
2052
2073
2059
0
2095
0
3622
2091
0
2099
3584
3653
3687
3659
3619
3591
3690
2115
2111
2107
2060
3649
2103
2067
0
0
2050
0
0
0
2084
6165
0
0
0
0
0
0
0
0
3623
2068
3681
0
3590
0
0
0
0
3655
0
3616
2081
2075
0
0
2119
3594
0
2063
0
2064
2077
2095
0
2091
0
2054
2099
3687
3688
3659
3649
3627
3587
2115
2111
2086
2107
2048
2103
0
6153
0
0
0
0
0
0
0
0
0
0
0
2051
0
2084
3649
2078
0
0
0
0
0
0
0
3655
0
0
0
3584
2061
2074
0
0
0
0
0
3591
0
0
2119
0
2095
2080
2057
3682
2091
0
2099
3687
3659
3627
3595
2115
2111
3688
2107
2103
3617
2070
0
0
0
0
0
0
0
3620
0
0
0
0
2053
6162
0
0
0
0
0
0
0
0
0
0
0
0
0
2080
3649
3690
2067
0
0
0
0
0
0
0
0
0
0
3584
2085
2054
2063
0
0
0
0
0
0
0
0
0
0
2076
3621
3682
2059
0
0
2119
0
2095
0
2091
0
2099
3687
2072
3617
2050
3659
3627
3591
2115
2111
2107
2103
0
0
0
0
2068
3593
7750
0
0
0
0
0
0
0
0
0
2048
3681
2078
3591
0
0
0
0
0
0
3616
2065
2054
0
0
2074
3595
0
2118
0
2056
3653
2062
0
2094
0
2090
3691
2098
3686
2084
3649
3658
3622
3586
2114
2110
2106
2102
2071
2080
7721
0
0
0
0
0
0
0
0
0
0
0
0
2051
2084
3649
2078
0
0
0
0
0
0
0
0
0
3655
0
3584
2061
2074
0
0
0
0
0
0
0
0
3627
0
0
2080
2057
3682
2119
0
2095
0
2091
0
2099
3687
3659
3623
3688
3595
3617
2070
2115
2111
2107
2103
0
0
0
0
0
3588
0
0
2053
6162
0
0
0
0
0
0
0
0
0
0
0
0
3595
2084
3649
2078
0
0
0
0
0
0
0
0
0
3655
0
3584
2061
2074
0
0
0
0
0
0
0
0
3627
0
0
2080
2057
3682
2119
0
2095
0
2091
0
2099
3687
3659
3623
3688
3591
3617
2070
2115
2111
2107
2103
0
0
0
0
0
2048
0
0
2053
6162
0
3691
0
2080
2099
0
3589
3648
3626
3659
2076
2069
2095
2116
2091
2053
2072
3594
2051
2056
3681
3687
2060
3655
2085
3622
3619
3587
2115
2111
2107
2103
6163
0
0
0
0
0
0
0
0
0
2052
3681
2083
3626
0
2079
0
0
2119
0
3588
3657
2059
0
2095
0
3622
2091
0
2099
3584
2073
3687
3655
3619
3595
3690
2115
2111
2107
2060
3649
2103
2067
0
0
2050
0
0
0
2084
6165
0
0
2078
0
0
2118
0
3648
2069
2058
0
3690
3627
2098
0
2080
3681
3658
0
2094
0
2090
0
2060
2053
3594
3623
2050
3686
3654
3618
2072
2085
3590
2114
2110
2106
2102
2066
7683
0
0
0
0
0
0
0
0
0
3620
3681
2078
3591
0
0
0
0
0
0
3616
3657
2054
0
0
2074
3595
0
2118
0
2056
2065
2062
0
2094
0
2090
3691
2098
3686
2084
3649
3654
3626
3586
2114
2110
2106
2102
2071
2080
6145
0
0
0
0
0
0
0
0
0
0
0
0
3659
2084
3649
2078
0
0
0
0
0
0
0
0
0
2051
0
3584
2061
2074
0
0
0
0
0
0
0
0
3591
0
0
2080
2057
3682
2119
0
2095
0
2091
0
2099
3687
3655
3627
3688
3595
3617
2070
2115
2111
2107
2103
0
0
0
0
0
3620
0
0
2053
6162
0
0
0
0
0
0
0
0
0
0
0
0
3659
2084
3649
2078
0
0
0
0
0
0
0
0
0
3595
0
3584
2061
2074
0
0
0
0
0
0
0
0
2051
0
0
2080
2057
3682
2119
0
2095
0
2091
0
2099
3687
3655
3627
3688
3591
3617
2070
2115
2111
2107
2103
0
0
0
0
0
3620
0
0
2053
6162
0
0
0
0
0
0
0
2064
3649
2086
2072
0
3595
2116
0
0
2060
2057
3688
3682
2096
0
3656
3591
2092
2069
3624
2082
2088
0
2048
3684
3652
3620
3584
2112
2108
2104
2100
3617
2078
6151
0
0
0
0
0
0
0
0
0
0
0
0
0
3588
3649
3690
2067
0
0
0
0
0
0
0
0
0
0
3584
3625
2054
2063
0
0
0
0
0
0
0
0
0
0
2076
2085
3682
2059
0
0
2119
0
2095
0
2091
0
2099
3687
2072
3617
3658
3655
3623
3595
2115
2111
2107
2103
0
0
0
0
2068
2081
6146
0
0
0
0
0
0
0
0
0
0
0
3616
2065
2078
2083
0
0
2119
0
3691
0
2099
0
2052
3649
2074
3659
0
2095
0
3627
0
2091
0
3595
2084
2061
3682
2051
3687
3655
3623
3591
2115
2111
2107
2103
3584
2057
6166
0
0
0
0
0
0
0
0
0
0
0
3616
2065
2078
2083
0
0
2119
0
2099
0
2095
0
2052
3649
2074
2091
3691
3687
3659
3655
3627
3623
3595
3591
2084
2061
3682
2115
2111
2107
2103
2051
0
0
0
0
3584
2057
6166
0
0
0
0
0
0
0
0
0
0
0
0
0
0
0
0
0
0
0
0
0
0
0
0
0
0
0
0
0
0
0
0
0
0
0
0
0
0
0
0
0
0
0
0
0
0
0
0
0
0
0
0
0
0
0
0
0
0
0
0
0
0
0
0
0
0
0
0
0
0
0
0
0
0
0
