int
2064
2060
2056
2052
2048
3621
3658
3587
2135
3589
3654
2131
2105
2127
3594
2101
3649
3617
3626
2123
2119
2115
2111
2099
2095
2091
2087
2083
2079
2075
6167
2064
2060
2056
2052
2048
3657
3622
3625
3649
3617
3593
3589
3585
2133
2129
2125
3654
2123
2119
2102
2115
2111
2106
2099
2095
2091
2087
2083
2079
2075
6167
2064
2060
2056
2052
2048
3653
3658
3621
3649
3617
3593
3589
3585
2133
2129
2125
2106
2123
2119
2102
2115
2111
3626
2099
2095
2091
2087
2083
2079
2075
6167
2064
2060
2056
2052
2048
3657
3590
3593
3649
3625
3621
3617
3585
2133
2129
2125
3654
2123
2119
2106
2115
2111
2102
2099
2095
2091
2087
2083
2079
2075
6167
2092
2088
2084
2080
2076
2068
2064
2060
2048
3657
2106
2055
2057
3651
3654
3585
3627
3623
2073
2102
3595
3617
3591
2098
2135
2131
2127
2123
2119
2115
6207
3591
2135
2131
2072
2105
3658
2127
3584
2061
2123
3654
2056
3621
2119
2115
2052
3617
2080
3648
3624
3593
2098
2111
2095
2091
2087
2102
2079
2071
2067
6147
2064
2060
2056
2052
2048
3653
3658
3589
3649
3625
3621
3617
3585
2133
2129
2125
2102
2123
2119
2106
2115
2111
3594
2099
2095
2091
2087
2083
2079
2075
6167
3595
2135
2131
3588
2105
3658
2127
3584
3625
2123
3654
2056
2061
2119
2115
2052
3617
2080
3648
3620
2073
2098
2111
2095
2091
2087
2102
2079
2071
2067
6147
2092
2088
2084
2080
2076
2068
2064
2060
2048
3653
3658
2055
2057
3651
2106
3585
3627
3623
2073
2102
3595
3617
3591
2098
2135
2131
2127
2123
2119
2115
6207
2064
2060
2056
2052
2048
3593
3622
3625
3657
3653
3649
3617
3585
2133
2129
2125
2106
2123
2119
2102
2115
2111
3590
2099
2095
2091
2087
2083
2079
2075
6167
2092
2088
2084
2080
2072
2068
2064
2060
2052
2077
3622
2051
3585
3659
2102
3649
3655
3619
3625
2098
3595
2057
3591
2106
2135
2131
2127
2123
2119
2115
6207
3591
2135
2131
2060
2101
3622
2127
3584
3653
2123
2098
2056
3649
2119
2115
2048
2077
2080
3656
3616
3593
2106
2111
2095
2091
2087
3626
2075
2071
2067
6151
2096
2092
2088
2084
2080
2068
2064
2060
2056
2077
2102
3595
3649
3659
3590
2073
3655
3627
2053
2106
3623
3617
2050
3587
2135
2131
2127
2123
2119
2115
6207
3659
3655
3627
3648
3585
2098
3623
2072
3595
2057
3591
2048
2106
2053
2135
3616
2131
2124
2077
2102
2123
2119
2115
2111
2095
2091
2087
2083
2071
2067
6159
0
0
0
0
0
3592
3653
2098
2051
0
0
2076
3649
2083
2106
2111
0
3584
2057
2127
3659
2102
3627
2072
3621
3591
2135
2062
2131
2052
3617
2123
2119
2115
2095
2091
2087
2071
6163
3587
2135
2131
3616
2077
2106
2127
2048
3653
2123
2119
2052
3649
2102
2115
2060
3625
2080
3656
3620
2073
3594
2111
2099
2095
2091
3590
2087
2071
2067
6155
0
0
0
0
2060
2049
2098
2075
0
3652
0
3649
3591
2106
3624
2083
0
2077
2127
2052
2102
3659
3623
3585
3616
3595
2058
2135
2131
2123
2119
2115
2111
2095
2091
2087
2071
6163
0
0
0
0
2060
2053
2098
3595
0
3652
0
2057
2079
2106
3648
2083
0
3585
2127
3624
2102
3659
3623
2073
2048
3591
3618
2135
2131
2123
2119
2115
2111
2095
2091
2087
2071
6163
2064
2060
2056
2052
2048
3589
2102
3621
3657
3653
3649
3617
3585
2133
2129
2125
2106
2123
2119
3594
2115
2111
3626
2099
2095
2091
2087
2083
2079
2075
6167
3595
2135
2131
3588
3657
3622
2127
3584
2101
2123
2098
2056
3649
2119
2115
2048
2077
2080
3652
3616
2061
2106
2111
2095
2091
2087
3626
2075
2071
2067
6151
2092
2088
2084
2080
2072
2068
2064
2060
2052
2077
2106
2051
3585
3659
2102
3649
3655
3619
3621
2098
3595
2057
3591
3626
2135
2131
2127
2123
2119
2115
6207
3587
2135
2131
3616
3657
2106
2127
2048
2077
2123
2119
2052
3649
2102
2115
2060
2073
2080
3652
3624
3621
3594
2111
2099
2095
2091
3590
2087
2071
2067
6155
0
0
0
0
3656
2053
2098
2079
0
2060
0
2057
3591
2106
3648
2083
0
3585
2127
2048
2102
3655
3627
2073
3620
3595
3618
2135
2131
2123
2119
2115
2111
2095
2091
2087
2071
6163
0
0
0
0
3656
2049
2098
3595
0
2060
0
3649
2075
2106
2052
2083
0
2077
2127
3620
2102
3655
3627
3585
3616
3591
2058
2135
2131
2123
2119
2115
2111
2095
2091
2087
2071
6163
2096
2092
2088
2084
2080
2068
2064
2060
2056
2077
3594
3591
3649
3659
2102
2073
3655
3627
2053
2106
3623
3617
2050
3587
2135
2131
2127
2123
2119
2115
6207
0
0
0
0
0
2076
2061
2098
2051
0
0
3588
3649
2083
2106
2111
0
3584
3625
2127
3655
2102
3623
2072
2057
3595
2135
3658
2131
2052
3617
2123
2119
2115
2095
2091
2087
2071
6163
3659
3655
3627
3648
3585
2098
3623
2072
3595
2057
3591
2048
2106
2053
2135
3616
2131
2124
2077
2102
2123
2119
2115
2111
2095
2091
2087
2083
2071
2067
6159
3659
3655
3627
3648
3585
2098
3623
2072
3595
2057
3591
2048
2106
2053
2135
3616
2131
2124
2077
2102
2123
2119
2115
2111
2095
2091
2087
2083
2071
2067
6159
0
0
0
0
0
0
2048
2103
3657
3622
2115
3651
3619
2052
3587
2135
2131
3653
3590
2127
2068
2123
2119
2111
2095
2091
3593
2064
2098
2087
2083
2079
2075
2063
2104
3625
6154
0
0
0
0
0
3627
2100
3653
2098
2115
3651
3619
3595
2048
2065
3591
2058
3587
2135
2131
2052
2105
2127
2070
2123
2119
3656
2111
3621
2095
2091
2087
2083
2079
2075
6159
0
0
0
0
0
3623
2100
2069
2098
2115
3651
3619
3595
2048
2065
3591
2058
3587
2135
2131
2052
3625
2127
3658
2123
2119
3652
2111
2105
2095
2091
2087
2083
2079
2075
6159
0
0
0
0
0
3595
2048
3653
2098
2115
3651
3627
3623
2052
2065
3619
2058
3587
2135
2131
3588
2105
2127
2070
2123
2119
3656
2111
2101
2095
2091
2087
2083
2079
2075
6159
0
0
0
0
0
0
2096
3653
2054
3587
0
0
0
3616
3657
0
2075
2058
2115
3651
2068
2105
3627
3623
3595
3591
2066
2048
2101
2135
2131
2127
2123
2119
2111
2095
2091
2087
2083
2079
6159
0
0
0
0
0
0
2071
2060
0
2057
3658
0
0
2107
0
3620
0
0
2097
0
3654
2051
0
3616
2115
0
2083
2101
3651
3627
2066
3592
3591
2135
2131
3585
2127
2123
2119
2072
2054
2111
2095
2091
2087
6175
0
0
0
0
0
3591
2048
2069
2098
2115
3651
3627
3623
3592
2065
3619
2058
3587
2135
2131
2052
2105
2127
3658
2123
2119
3652
2111
2101
2095
2091
2087
2083
2079
2075
6159
0
0
0
0
0
0
2071
3624
0
2057
3658
0
0
2107
0
2060
0
0
2097
0
3654
2051
0
3616
2115
0
2083
2101
3651
3623
2066
2072
3595
2135
2131
3585
2127
2123
2119
3588
2054
2111
2095
2091
2087
6175
0
0
0
0
0
0
2096
3657
2054
3587
0
0
0
3616
3653
0
2075
2058
2115
3651
2068
2105
3627
3623
3595
3591
2066
2048
2101
2135
2131
2127
2123
2119
2111
2095
2091
2087
2083
2079
6159
0
0
0
0
0
3627
2048
2065
2098
2115
3659
3655
3651
2052
2105
3619
2058
3587
2135
2131
3588
2101
2127
2070
2123
2119
3592
2111
3621
2095
2091
2087
2083
2079
2075
6159
0
0
0
0
0
0
3624
3621
2050
3587
0
0
0
2096
2105
0
2055
2070
2115
3659
2064
2101
3655
3619
3595
3591
2058
2076
3649
2135
2131
2127
2123
2119
2111
2095
2091
2087
2083
2075
6159
0
0
0
0
0
0
2067
3652
0
3621
2058
0
0
2103
0
3648
0
0
2105
0
2050
2055
0
2076
2115
0
2083
2097
3659
3619
2070
3592
3591
2135
2131
3585
2127
2123
2119
2060
3626
2111
2095
2091
2087
6171
0
0
0
0
0
0
3651
2100
2069
2066
0
0
0
2079
0
2096
2057
2115
2054
3659
3655
3627
2072
3623
3593
3587
2135
3590
2131
3616
2127
2123
2105
2119
2111
2095
2050
2091
2087
2083
6159
0
0
0
2107
0
0
0
3616
2053
3586
2103
0
2127
0
2115
2068
3649
3659
3655
2058
3627
3623
3595
2064
2077
3591
2135
2096
2050
2131
2123
2119
2073
2111
2095
2091
2087
2083
6159
0
0
0
0
0
2107
0
0
0
0
3616
2049
2066
2103
0
0
2083
0
2115
0
2111
3592
3653
2062
2127
3659
3627
3591
2135
2131
2123
2119
2072
3649
2058
2095
2091
2087
0
0
0
0
0
3584
2077
2054
0
0
0
0
0
2098
0
0
2068
7717
0
0
0
0
0
0
0
3616
2097
2066
2051
0
0
0
0
2072
3653
0
0
2054
2071
0
0
2060
3649
0
0
0
0
3594
2107
2056
3625
2112
0
2080
3656
3620
3584
2132
2128
2124
2120
2116
2108
2092
2088
2084
2077
3590
6199
0
0
0
0
0
0
0
0
3624
2062
2069
2079
0
0
0
2098
0
2072
0
0
0
2057
2106
2051
0
0
3616
0
2102
0
2053
2114
0
2082
3651
2064
2126
3658
3622
3653
3594
2134
2130
2122
3588
2118
2110
2094
2090
2086
7683
0
0
0
0
0
0
0
0
3648
2063
2065
2054
0
0
2099
0
0
3624
0
2107
0
3617
2074
0
2103
0
2076
2115
0
2083
2049
2127
3659
3586
3623
3592
3591
2135
2131
3653
2123
2119
2111
2095
2068
2058
2091
6183
0
0
0
0
0
3623
2048
2065
2098
2115
3659
3655
3651
3592
2105
3619
2058
3587
2135
2131
2052
3625
2127
2070
2123
2119
3588
2111
2101
2095
2091
2087
2083
2079
2075
6159
0
0
0
0
0
0
2067
3584
0
3621
2058
0
0
2103
0
3648
0
0
2105
0
2050
2055
0
2076
2115
0
2083
2097
3655
3619
2070
2060
3595
2135
2131
3657
2127
2123
2119
3588
3626
2111
2095
2091
2087
6171
0
0
0
0
0
0
3620
3625
2050
3587
0
0
0
2096
2105
0
2055
2070
2115
3659
2064
2101
3655
3619
3595
3591
2058
2076
3649
2135
2131
2127
2123
2119
2111
2095
2091
2087
2083
2075
6159
0
0
0
0
0
0
0
3616
3657
2066
2051
0
0
0
0
2072
2097
0
0
2054
2071
0
0
2060
3649
0
0
0
0
3594
2107
2056
2077
2112
0
2080
3652
3624
3584
2132
2128
2124
2120
2116
2108
2092
2088
2084
3621
3590
6199
0
0
0
0
0
0
0
0
3648
2063
2065
2054
0
0
2099
0
0
2076
0
2107
0
3617
2074
0
2103
0
3620
2115
0
2083
3657
2127
3655
3586
3627
2068
3595
2135
2131
2049
2123
2119
2111
2095
3588
2058
2091
6183
0
0
0
0
0
0
0
0
2072
2062
2069
2079
0
0
0
2098
0
3620
0
0
0
2057
2106
2051
0
0
3616
0
2102
0
3657
2114
0
2082
3651
3592
2126
3654
3626
2053
3590
2134
2130
2122
2064
2118
2110
2094
2090
2086
7683
0
0
0
0
0
0
3651
2100
2069
2066
0
0
0
2079
0
2096
2057
2115
3594
3659
3655
3627
2072
3623
3589
3587
2135
2054
2131
3616
2127
2123
2105
2119
2111
2095
2050
2091
2087
2083
6159
0
0
0
0
0
2107
0
0
0
0
3616
3657
2066
2103
0
0
2083
0
2115
0
2111
2072
2049
2062
2127
3655
3623
3595
2135
2131
2123
2119
3588
3649
2058
2095
2091
2087
0
0
0
0
0
3584
3625
2054
0
0
0
0
0
2098
0
0
2068
6173
0
0
0
2107
0
0
0
3616
2053
3586
2103
0
2127
0
2115
2068
3649
3659
3655
2058
3627
3623
3595
2064
2077
3591
2135
2096
2050
2131
2123
2119
2073
2111
2095
2091
2087
2083
6159
0
0
0
2107
0
0
0
3616
2053
3586
2103
0
2127
0
2115
2068
3649
3659
3655
2058
3627
3623
3595
2064
2077
3591
2135
2096
2050
2131
2123
2119
2073
2111
2095
2091
2087
2083
6159
0
0
0
0
0
0
0
0
0
0
0
0
0
0
0
0
0
0
0
0
0
0
0
0
0
0
0
0
0
0
0
0
0
0
0
0
0
0
0
0
0
0
0
0
0
0
0
0
0
0
0
0
0
0
0
0
0
0
0
0
0
0
0
0
0
0
0
0
0
0
0
0
0
0
0
0
0
0
0
0
0
0
0
0
0
0
0
0
0
0
0
0
0
0
0
0
0
0
0
0
0
0
0
0
0
0
0
0
0
0
0
0
0
0
0
0
0
0
0
0
0
0
0
0
0
0
0
0
0
0
0
0
0
0
0
0
0
0
0
0
0
0
0
0
0
0
0
0
0
0
0
0
0
0
0
0
0
0
0
0
0
0
0
0
0
0
0
0
0
0
0
0
0
0
0
0
0
0
0
0
0
0
0
0
0
0
0
0
0
0
0
0
0
0
0
0
0
0
0
0
0
0
0
0
0
0
0
0
0
0
0
0
0
0
0
0
0
0
0
0
0
0
0
0
0
0
0
0
0
0
0
0
0
0
0
0
0
0
0
0
0
0
0
0
0
0
0
0
0
0
0
0
0
0
0
0
0
0
0
0
0
0
0
0
0
0
0
0
0
0
0
0
0
0
0
0
0
0
0
0
0
0
0
0
0
0
0
0
0
0
0
0
0
0
0
0
0
0
0
0
0
0
0
0
0
0
0
0
0
0
0
0
0
0
0
0
0
0
0
0
0
0
0
0
0
0
0
0
0
0
0
0
0
0
0
0
0
0
0
0
0
0
0
0
0
0
0
0
0
0
0
0
0
0
0
0
0
0
0
0
0
0
0
0
0
0
0
0
0
0
0
0
0
0
0
0
0
0
0
0
0
0
0
0
0
0
0
0
0
0
0
0
0
0
0
0
0
0
0
0
0
0
0
0
0
0
0
0
0
0
0
0
0
0
0
0
0
0
0
0
0
0
0
0
0
0
0
0
0
0
0
0
0
0
0
0
0
0
0
0
0
0
0
0
0
0
0
0
0
0
0
0
0
0
0
0
0
0
0
0
0
0
0
0
0
0
0
0
0
0
0
0
0
0
0
0
0
0
0
0
0
0
0
0
0
0
0
0
0
0
0
0
0
0
0
0
0
0
0
0
0
0
0
0
0
0
0
0
0
0
0
0
0
0
0
0
0
0
0
0
0
0
0
0
0
0
0
0
0
0
0
0
0
0
0
0
0
0
0
0
0
0
0
0
0
0
0
0
0
0
0
0
0
0
0
0
0
0
0
0
0
0
0
0
0
0
0
0
0
0
0
0
0
0
0
0
0
0
0
0
0
0
0
0
0
0
0
0
0
0
0
0
0
0
0
0
0
0
0
0
0
0
0
0
0
0
0
0
0
0
0
0
0
0
0
0
0
0
0
0
0
0
0
0
0
0
0
0
0
0
0
0
0
0
0
0
0
0
0
0
0
0
0
0
0
0
0
0
0
0
0
0
0
0
0
0
0
0
0
0
0
0
0
0
0
0
0
0
0
0
0
0
0
0
0
0
0
0
0
0
0
0
0
0
0
0
0
0
0
0
0
0
0
0
0
0
0
0
0
0
0
0
0
0
0
0
0
0
0
0
0
0
0
0
0
0
0
0
0
0
0
0
0
0
0
0
0
0
0
0
0
0
0
0
0
0
0
0
0
0
0
0
0
0
0
0
0
0
0
0
0
0
0
0
0
0
0
0
0
0
0
0
0
0
0
0
0
0
0
0
0
0
0
0
0
0
0
0
0
0
0
0
0
0
0
0
0
0
0
0
0
0
0
0
0
0
0
0
0
0
0
0
0
0
0
0
0
0
0
0
0
0
0
0
0
0
0
0
0
0
0
0
0
0
0
0
0
0
0
0
0
0
0
0
0
0
0
0
0
0
0
0
0
0
0
0
0
0
0
0
0
0
0
0
0
0
0
0
0
0
0
0
0
0
0
0
0
0
0
0
0
0
0
0
0
0
0
0
0
0
0
0
0
0
0
0
0
0
0
0
0
0
0
0
0
0
0
0
0
0
0
0
0
0
0
0
0
0
0
0
0
0
0
0
0
0
0
0
0
0
0
0
0
0
0
0
0
0
0
0
0
0
0
0
0
0
0
0
0
0
0
0
0
0
0
0
0
0
0
0
0
0
0
0
0
0
0
0
0
0
0
0
0
0
0
0
0
0
0
0
0
0
0
0
0
0
0
0
0
0
0
0
0
0
0
0
0
0
0
0
0
0
0
0
0
0
0
0
0
0
0
0
0
0
0
0
0
0
0
0
0
0
0
0
0
0
0
0
0
0
0
0
0
0
0
0
0
0
0
0
0
0
0
0
0
0
0
0
0
0
0
0
0
0
0
0
0
0
0
0
0
0
0
0
0
0
0
0
0
0
0
0
0
0
0
0
0
0
0
0
0
0
0
0
0
0
0
0
0
0
0
0
0
0
0
0
0
0
0
0
0
0
0
0
0
0
0
0
0
0
0
0
0
0
0
0
0
0
0
0
0
0
0
0
0
0
0
0
0
0
0
0
0
0
0
0
0
0
0
0
0
0
0
0
0
0
0
0
0
0
0
0
0
0
0
0
0
0
0
0
0
0
0
0
0
0
0
0
0
0
0
0
0
0
0
0
0
0
0
0
0
0
0
0
0
0
0
0
0
0
0
0
0
0
0
0
0
0
0
0
0
0
0
0
0
0
0
0
0
0
0
0
0
0
0
0
0
0
0
0
0
0
0
0
0
0
0
0
0
0
0
0
0
0
0
0
0
0
0
0
0
0
0
0
0
0
0
0
0
0
0
0
0
0
0
0
0
0
0
0
0
0
0
0
0
0
0
0
0
0
0
0
0
0
0
0
0
0
0
0
0
0
0
0
0
0
0
0
0
0
0
0
0
0
0
0
0
0
0
0
0
0
0
0
0
0
0
0
0
0
0
0
0
0
0
0
0
0
0
0
0
0
0
0
0
0
0
0
0
0
0
0
0
0
0
0
0
0
0
0
0
0
0
0
0
0
0
0
0
0
0
0
0
0
0
0
0
0
0
0
0
0
0
0
0
0
0
0
0
0
0
0
0
0
0
0
0
0
0
0
0
0
0
0
0
0
0
0
0
0
0
0
0
0
0
0
0
0
0
0
0
0
0
0
0
0
0
0
0
0
0
0
0
0
0
0
0
0
0
0
0
0
0
0
0
0
0
0
0
0
0
0
0
0
0
0
0
0
0
0
0
0
0
0
0
0
0
0
0
0
0
0
0
0
0
0
0
0
0
0
0
0
0
0
0
0
0
0
0
0
0
0
0
0
0
0
0
0
0
0
0
0
0
0
0
0
0
0
0
0
0
0
0
0
0
0
0
0
0
0
0
0
0
0
0
0
0
0
0
0
0
0
0
0
0
0
0
0
0
0
0
0
0
0
0
0
0
0
0
0
0
0
0
0
0
0
0
0
0
0
0
0
0
0
0
0
0
0
0
0
0
0
0
0
0
0
0
0
0
0
0
0
0
0
0
0
0
0
0
0
0
0
0
0
0
0
0
0
0
0
0
0
0
0
0
0
0
0
0
0
0
0
0
0
0
0
0
0
0
0
0
0
0
0
0
0
0
0
0
0
0
0
0
0
0
0
0
0
0
0
0
0
0
0
0
0
0
0
0
0
0
0
0
0
0
0
0
0
0
0
0
0
0
0
0
0
0
0
0
0
0
0
0
0
0
0
0
0
0
0
0
0
0
0
0
0
0
0
0
0
0
0
0
0
0
0
0
0
0
0
0
0
0
0
0
0
0
0
0
0
0
0
0
0
0
0
0
0
0
0
0
0
0
0
0
0
0
0
0
0
0
0
0
0
0
0
0
0
0
0
0
0
0
0
0
0
0
0
0
0
0
0
0
0
0
0
0
0
0
0
0
0
0
0
0
0
0
0
0
0
0
0
0
0
0
0
0
0
0
0
0
0
0
0
0
0
0
0
0
0
0
0
0
0
0
0
0
0
0
0
0
0
0
0
0
0
0
0
0
0
0
0
0
0
0
0
0
0
0
0
0
0
0
0
0
0
0
0
0
0
0
0
0
0
0
0
0
0
0
0
0
0
0
0
0
0
0
0
0
0
0
0
0
0
0
0
0
0
0
0
0
0
0
0
0
0
0
0
0
0
0
0
0
0
0
0
0
0
0
0
0
0
0
0
0
0
0
0
0
0
0
0
0
0
0
0
0
0
0
0
0
0
0
0
0
0
0
0
0
0
0
0
0
0
0
0
0
0
0
0
0
0
0
0
0
0
0
0
0
0
0
0
0
0
0
0
0
0
0
0
0
0
0
0
0
0
0
0
0
0
0
0
0
0
0
0
0
0
0
0
0
0
0
0
0
0
0
0
0
0
0
0
0
0
0
0
0
0
0
0
0
0
0
0
0
0
0
0
0
0
0
0
0
0
0
0
0
0
0
0
0
0
