int
2060
0
2075
0
0
2071
0
0
2067
3625
3658
2051
0
0
2059
0
0
2055
3651
3621
3654
3619
3587
2111
2107
2103
2099
2095
2091
3589
3594
2087
2083
6175
3651
3619
2052
3595
3591
2072
3657
3622
2068
3587
2111
2064
3625
2107
2048
2057
3654
2103
2099
2095
2091
2087
2083
2079
6159
3651
3619
2052
3595
3591
2072
3653
3658
2068
3587
2111
2064
3621
2107
2048
2057
3626
2103
2099
2095
2091
2087
2083
2079
6159
3651
3627
2052
3623
3619
2072
3657
3590
2068
3587
2111
2064
3593
2107
2048
2057
3654
2103
2099
2095
2091
2087
2083
2079
6159
0
0
0
0
0
0
3616
2069
3586
0
3655
2050
0
2076
2065
2074
3650
3626
3622
3594
2056
2053
3590
2110
2106
2102
2098
2094
2090
2086
2082
2062
7755
0
0
0
0
0
0
0
2064
2069
2079
3658
0
2051
0
0
3584
3621
2075
3651
3627
3591
3654
2111
2060
3617
2107
2103
2099
2095
2054
2091
2056
3593
2087
6179
3651
3627
2052
3623
3619
2072
3653
3658
2068
3587
2111
2064
3589
2107
2048
2057
3594
2103
2099
2095
2091
2087
2083
2079
6159
0
0
0
0
0
0
0
3588
3625
2079
3658
0
2051
0
0
3584
2069
2075
3651
3623
3595
3654
2111
2060
3617
2107
2103
2099
2095
2054
2091
2056
2065
2087
6179
0
0
0
0
0
0
3616
2069
3586
0
3659
2050
0
2076
2065
2074
3650
3626
3622
3594
2056
2053
3590
2110
2106
2102
2098
2094
2090
2086
2082
2062
7751
3659
3655
2052
3651
3619
2072
3593
3622
2068
3587
2111
2064
3625
2107
2048
2057
3590
2103
2099
2095
2091
2087
2083
2079
6159
0
0
0
0
0
0
2080
2057
3586
0
3623
2054
0
2048
2065
2070
3658
3654
3618
3594
2072
3649
3590
2110
2106
2102
2098
2094
2090
2086
2078
2062
7723
0
0
0
0
0
0
0
2064
3653
2059
3622
0
2055
0
0
3584
3649
2071
3659
3619
3591
3626
2111
2060
2049
2107
2103
2099
2095
2074
2091
2080
3593
2087
6175
3655
3627
3623
3587
2111
2107
3616
2077
2103
2099
3590
2095
2091
2048
3649
2087
2063
0
0
0
2052
2073
3594
2064
0
0
2056
3656
2069
6178
0
0
0
0
0
0
0
0
0
0
2052
2049
2070
2079
0
0
0
0
0
0
0
2080
2057
2066
2075
3659
3655
3627
3623
3595
3591
2111
3584
3617
3650
2107
2103
2099
2095
2091
2087
6159
0
0
0
0
0
0
0
0
0
0
0
3584
3621
2050
2063
0
0
0
0
0
0
0
0
2072
3617
3654
2059
0
0
0
0
0
0
0
0
2068
3593
3650
2055
3659
3627
3591
2111
2107
2103
2099
2095
2064
2077
2082
2091
6183
0
0
0
0
0
0
0
3616
3653
2074
3595
0
0
0
0
2048
3649
2070
0
0
2066
3591
0
2080
3625
2058
3658
3622
3586
2110
2106
2076
2061
2102
2098
2094
2090
2086
6151
0
0
0
0
0
0
0
0
0
0
3655
3584
2057
2070
0
0
0
0
0
0
0
3627
0
2076
3617
2066
0
0
0
0
0
0
3591
3659
3623
2072
2053
3650
3595
2111
2107
2103
2099
2095
2091
2087
2060
0
2081
6146
0
0
0
0
0
0
0
0
0
0
3655
3584
2057
2070
0
0
0
0
0
0
0
3627
0
2076
3617
2066
0
0
0
0
0
0
2063
3659
3623
2072
2053
3650
3591
2111
2107
2103
2099
2095
2091
2087
3592
0
2081
6146
3659
3655
2052
3651
3619
2072
3589
3594
2068
3587
2111
2064
3621
2107
2048
2057
3626
2103
2099
2095
2091
2087
2083
2079
6159
0
0
0
0
0
0
0
3588
2073
2059
3622
0
2055
0
0
3584
3649
2071
3655
3619
3595
3626
2111
2060
2049
2107
2103
2099
2095
3658
2091
2080
2065
2087
6175
0
0
0
0
0
0
2080
2057
3586
0
3627
2054
0
2048
2065
2070
3658
3654
3618
3594
2072
3649
3590
2110
2106
2102
2098
2094
2090
2086
2078
2062
7719
0
0
0
0
0
0
0
3616
2053
2074
3595
0
0
0
0
2048
3649
2070
0
0
2066
3591
0
2080
2061
2058
3654
3626
3586
2110
2106
2076
3621
2102
2098
2094
2090
2086
7755
0
0
0
0
0
0
0
0
0
0
2063
3584
2057
2070
0
0
0
0
0
0
0
3591
0
2076
3617
2066
0
0
0
0
0
0
3623
3655
3627
2072
2053
3650
3595
2111
2107
2103
2099
2095
2091
2087
3656
0
2081
6146
0
0
0
0
0
0
0
0
0
0
3595
3584
2057
2070
0
0
0
0
0
0
0
2063
0
2076
3617
2066
0
0
0
0
0
0
3623
3655
3627
2072
2053
3650
3591
2111
2107
2103
2099
2095
2091
2087
3656
0
2081
6146
3655
3627
3623
3587
2111
2107
3616
2077
2103
2099
3594
2095
2091
2048
3649
2087
2063
0
0
0
2052
2073
3590
2064
0
0
2056
3656
2069
6178
0
0
0
0
0
0
0
0
0
0
0
3584
2081
3658
2063
0
0
0
0
0
0
0
0
2072
3617
2050
2059
0
0
0
0
0
0
0
0
2068
2077
3650
2055
3655
3623
3595
2111
2107
2103
2099
2095
2064
3589
3626
2091
6183
0
0
0
0
0
0
0
0
0
0
2052
2049
2070
2079
0
0
0
0
0
0
0
2080
2057
2066
2075
3659
3655
3627
3623
3595
3591
2111
3584
3617
3650
2107
2103
2099
2095
2091
2087
6159
0
0
0
0
0
0
0
0
0
0
2052
2049
2070
2079
0
0
0
0
0
0
0
2080
2057
2066
2075
3659
3655
3627
3623
3595
3591
2111
3584
3617
3650
2107
2103
2099
2095
2091
2087
6159
0
0
0
0
0
0
0
0
0
0
0
0
0
0
0
0
0
0
0
0
0
0
0
0
0
0
0
0
0
0
0
0
0
0
0
0
0
0
0
0
0
0
0
0
0
0
0
0
0
0
0
0
0
0
0
0
0
0
0
0
0
0
0
0
0
0
0
0
0
0
0
0
0
0
0
0
0
0
0
0
0
0
0
0
0
0
0
0
0
0
0
0
0
0
0
0
0
0
0
0
0
0
0
0
0
0
0
0
0
0
0
0
0
0
0
0
0
0
0
0
0
0
0
0
0
0
0
0
0
0
0
0
0
0
0
0
0
0
0
0
0
0
0
0
0
0
0
0
0
0
0
0
0
0
0
0
0
0
0
0
0
0
0
0
0
0
0
0
0
0
0
0
0
0
0
0
0
0
0
0
0
0
0
0
0
0
0
0
0
0
0
0
0
0
0
0
0
0
0
0
0
0
0
0
0
0
0
0
0
0
0
0
0
0
0
0
0
0
0
0
0
0
0
0
0
0
0
0
0
0
0
0
0
0
0
0
0
0
0
0
0
0
0
0
0
0
0
0
0
0
0
0
0
0
0
0
0
0
0
0
0
0
0
0
0
0
0
0
0
0
0
0
0
0
0
0
0
0
0
0
0
0
0
0
0
0
0
0
0
0
0
0
0
0
0
0
0
0
0
0
0
0
0
0
0
0
0
0
0
0
0
0
0
0
0
0
0
0
0
0
0
0
0
0
0
0
0
0
0
0
0
0
0
0
0
0
0
0
0
0
0
0
0
0
0
0
0
0
0
0
0
0
0
0
0
0
0
0
0
0
0
0
0
0
0
0
0
0
0
0
0
0
0
0
0
0
0
0
0
0
0
0
0
0
0
0
0
0
0
0
0
0
0
0
0
0
0
0
0
0
0
0
0
0
0
0
0
0
0
0
0
0
0
0
0
0
0
0
0
0
0
0
0
0
0
0
0
0
0
0
0
0
0
0
0
0
0
0
0
0
0
0
0
0
0
0
0
0
0
0
0
0
0
0
0
0
0
0
0
0
0
0
0
0
0
0
0
0
0
0
0
0
0
0
0
0
0
0
0
0
0
0
0
0
0
0
0
0
0
0
0
0
0
0
0
0
0
0
0
0
0
0
0
0
0
0
0
0
0
0
0
0
0
0
0
0
0
0
0
0
0
0
0
0
0
0
0
0
0
0
0
0
0
0
0
0
0
0
0
0
0
0
0
0
0
0
0
0
0
0
0
0
0
0
0
0
0
0
0
0
0
0
0
0
0
0
0
0
0
0
0
0
0
0
0
0
0
0
0
0
0
0
0
0
0
0
0
0
0
0
0
0
0
0
0
0
0
0
0
0
0
0
0
0
0
0
0
0
0
0
0
0
0
0
0
0
0
0
0
0
0
0
0
0
0
0
0
0
0
0
0
0
0
0
0
0
0
0
0
0
0
0
0
0
0
0
0
0
0
0
0
0
0
0
0
0
0
0
0
0
0
0
0
0
0
0
0
0
0
0
0
0
0
0
0
0
0
0
0
0
0
0
0
0
0
0
0
0
0
0
0
0
0
0
0
0
0
0
0
0
0
0
0
0
0
0
0
0
0
0
0
0
0
0
0
0
0
0
0
0
0
0
0
0
0
0
0
0
0
0
0
0
0
0
0
0
0
0
0
0
0
0
0
0
0
0
0
0
0
0
0
0
0
0
0
0
0
0
0
0
0
0
0
0
0
0
0
0
0
0
0
0
0
0
0
0
0
0
0
0
0
0
0
0
0
0
0
0
0
0
0
0
0
0
0
0
0
0
0
0
0
0
0
0
0
0
0
0
0
0
0
0
0
0
0
0
0
0
0
0
0
0
0
0
0
0
0
0
0
0
0
0
0
0
0
0
0
0
0
0
0
0
0
0
0
0
0
0
0
0
0
0
0
0
0
0
0
0
0
0
0
0
0
0
0
0
0
0
0
0
0
0
0
0
0
0
0
0
0
0
0
0
0
0
0
0
0
0
0
0
0
0
0
0
0
0
0
0
0
0
0
0
0
0
0
0
0
0
0
0
0
0
0
0
0
0
0
0
0
0
0
0
0
0
0
0
0
0
0
0
0
0
0
0
0
0
0
0
0
0
0
0
0
0
0
0
0
0
0
0
0
0
0
0
0
0
0
0
0
0
0
0
0
0
0
0
0
0
0
0
0
0
0
0
0
0
0
0
0
0
0
0
0
0
0
0
0
0
0
0
0
0
0
0
0
0
0
0
0
0
0
0
0
0
0
0
0
0
0
0
0
0
0
0
0
0
0
0
0
0
0
0
0
0
0
0
0
0
0
0
0
0
0
0
0
0
0
0
0
0
0
0
0
0
0
0
0
0
0
0
0
0
0
0
0
0
0
0
0
0
0
0
0
0
0
0
0
0
0
0
0
0
0
0
0
0
0
0
0
0
0
0
0
0
0
0
0
0
0
0
0
0
0
0
0
0
0
0
0
0
0
0
0
0
0
0
0
0
0
0
0
0
0
0
0
0
0
0
0
0
0
0
0
0
0
0
0
0
0
0
0
0
0
0
0
0
0
0
0
0
0
0
0
0
0
0
0
0
0
0
0
0
0
0
0
0
0
0
0
0
0
0
0
0
0
0
0
0
0
0
0
0
0
0
0
0
0
0
0
0
0
0
0
0
0
0
0
0
0
0
0
0
0
0
0
0
0
0
0
0
0
0
0
0
0
0
0
0
0
0
0
0
0
0
0
0
0
0
0
0
0
0
0
0
0
0
0
0
0
0
0
0
0
0
0
0
0
0
0
0
0
0
0
0
0
0
0
0
0
0
0
0
0
0
0
0
0
0
0
0
0
0
0
0
0
0
0
0
0
0
0
0
0
0
0
0
0
0
0
0
0
0
0
0
0
0
0
0
0
0
0
0
0
0
0
0
0
0
0
0
0
0
0
0
0
0
0
0
0
0
0
0
0
0
0
0
0
0
0
0
0
0
0
0
0
0
0
0
0
0
0
0
0
0
0
0
0
0
0
0
0
0
0
0
0
0
0
0
0
0
0
0
0
0
0
0
0
0
0
0
0
0
0
0
0
0
0
0
0
0
0
0
0
0
0
0
0
0
0
0
0
0
0
0
0
0
0
0
0
0
0
0
0
0
0
0
0
0
0
0
0
0
0
0
0
0
0
0
0
0
0
0
0
0
0
0
0
0
0
0
0
0
0
0
0
0
0
0
0
0
0
0
0
0
0
0
0
0
0
0
0
0
0
0
0
0
0
0
0
0
0
0
0
0
0
0
0
0
0
0
0
0
0
0
0
0
0
0
0
0
0
0
0
0
0
0
0
0
0
0
0
0
0
0
0
0
0
0
0
0
0
0
0
0
0
0
0
0
0
0
0
0
0
0
0
0
0
0
0
0
0
0
0
0
0
0
0
0
0
0
0
0
0
0
0
0
0
0
0
0
0
0
0
0
0
0
0
0
0
0
0
0
0
0
0
0
0
0
0
0
0
0
0
0
0
0
0
0
0
0
0
0
0
0
0
0
0
0
0
0
0
0
0
0
0
0
0
0
0
0
0
0
0
0
0
0
0
0
0
0
0
0
0
0
0
0
0
0
0
0
0
0
0
0
0
0
0
0
0
0
0
0
0
0
0
0
0
0
0
0
0
0
0
0
0
0
0
0
0
0
0
0
0
0
0
0
0
0
0
0
0
0
0
0
0
0
0
0
0
0
0
0
0
0
0
0
0
0
0
0
0
0
0
0
0
0
0
0
0
0
0
0
0
0
0
0
0
0
0
0
0
0
0
0
0
0
0
0
0
0
0
0
0
0
0
0
0
0
0
0
0
0
0
0
0
0
0
0
0
0
0
0
0
0
0
0
0
0
0
0
0
0
0
0
0
0
0
0
0
0
0
0
0
0
0
0
0
0
0
0
0
0
0
0
0
0
0
0
0
0
0
0
0
0
0
0
0
0
0
0
0
0
0
0
0
0
0
0
0
0
0
0
0
0
0
0
0
0
0
0
0
0
0
0
0
0
0
0
0
0
0
0
0
0
0
0
0
0
0
0
0
0
0
0
0
0
0
0
0
0
0
0
0
0
0
0
0
0
0
0
0
0
0
0
0
0
0
0
0
0
0
0
0
0
0
0
0
0
0
0
0
0
0
0
0
0
0
0
0
0
0
0
0
0
0
0
0
0
0
0
0
0
0
0
0
0
0
0
0
0
0
0
0
0
0
0
0
0
0
0
0
0
0
0
0
0
0
0
0
0
0
0
0
0
0
0
0
0
0
0
0
0
0
0
0
0
0
0
0
0
0
0
0
0
0
0
0
0
0
0
0
0
0
0
0
0
0
0
0
0
0
0
0
0
0
0
0
0
0
0
0
0
0
0
0
0
0
0
0
0
0
0
0
0
0
0
0
0
0
0
0
0
0
0
0
0
0
0
0
0
0
0
0
0
0
0
0
0
0
0
0
0
0
0
0
0
0
0
0
0
0
0
0
0
0
0
0
0
0
0
0
0
0
0
0
0
0
0
0
0
0
0
0
0
0
0
0
0
0
0
0
0
0
0
0
0
0
0
0
0
0
0
0
0
0
0
0
0
0
0
0
0
0
0
0
0
0
0
0
0
0
0
0
0
0
0
0
0
0
0
0
0
0
0
0
0
0
0
0
0
0
0
0
0
0
0
0
0
0
0
0
0
0
0
0
0
0
0
0
0
0
0
0
0
0
0
0
0
0
0
0
0
0
0
0
0
0
0
0
0
0
0
0
0
0
0
0
0
0
0
0
0
0
0
0
0
0
0
0
0
0
0
0
0
0
0
0
0
0
0
0
0
0
0
0
0
0
0
0
0
0
0
0
0
0
0
0
0
0
0
0
0
0
0
0
0
0
0
0
0
0
0
0
0
0
0
0
0
0
0
0
0
0
0
0
0
0
0
0
0
0
0
0
0
0
0
0
0
0
0
0
0
0
0
0
0
0
0
0
0
0
0
0
0
0
0
0
0
0
0
0
0
0
0
0
0
0
0
0
0
0
0
0
0
0
0
0
0
0
0
0
0
0
0
0
0
0
0
0
0
0
0
0
0
0
0
0
0
0
0
0
0
0
0
0
0
0
0
0
0
0
0
0
0
0
0
0
0
0
0
0
0
0
0
0
0
0
0
0
0
0
0
0
0
0
0
0
0
0
0
0
0
0
0
0
0
0
0
0
0
0
0
0
0
0
0
0
0
0
0
0
0
0
0
0
0
0
0
0
0
0
0
0
0
0
0
0
0
0
0
0
0
0
0
0
0
0
0
0
0
0
0
0
0
0
0
0
0
0
0
0
0
0
0
0
0
0
0
0
0
0
0
0
0
0
0
0
0
0
0
0
0
0
0
0
0
0
0
0
0
0
0
0
0
0
0
0
0
0
0
0
0
0
0
0
0
0
0
0
0
0
0
0
0
0
0
0
0
0
0
0
0
0
0
0
0
0
0
0
0
0
0
0
0
0
0
0
0
0
0
0
0
0
0
0
0
0
0
0
0
0
0
0
0
0
0
0
0
0
0
0
0
0
0
0
0
0
0
0
0
0
0
0
0
0
0
0
0
0
0
0
0
0
0
0
0
0
0
0
0
0
0
0
0
0
0
0
0
0
0
0
0
0
0
0
0
0
0
0
0
0
0
0
0
0
0
0
0
0
0
0
0
0
0
0
0
0
0
0
0
0
0
0
0
0
0
0
0
0
0
0
0
0
0
0
0
0
0
0
0
0
0
0
0
0
0
0
0
0
0
0
0
0
0
0
0
0
0
0
0
0
0
0
0
0
0
0
0
0
0
0
0
0
0
0
0
0
0
0
0
0
0
0
0
0
0
0
0
0
0
0
0
0
0
0
0
0
0
0
0
0
0
0
0
0
0
0
0
0
0
0
0
0
0
0
0
0
0
0
0
0
0
0
0
0
0
0
0
0
0
0
0
0
0
0
0
0
0
0
0
0
0
0
0
0
0
0
0
0
0
0
0
0
0
0
0
0
0
0
0
0
0
0
0
0
0
0
0
0
0
0
0
0
0
0
0
0
0
0
0
0
0
0
0
0
0
0
0
0
0
0
0
0
0
0
0
0
0
0
0
0
0
0
0
0
0
0
0
0
0
0
0
0
0
0
0
0
0
0
0
0
0
0
0
0
0
0
0
0
0
0
0
0
0
0
0
0
0
0
0
0
0
0
0
0
0
0
0
0
0
0
0
0
0
0
0
0
0
0
0
0
0
0
0
0
0
0
0
0
0
0
0
0
0
0
0
0
0
0
0
0
0
0
0
0
0
0
0
0
0
0
0
0
0
0
0
0
0
0
0
0
0
0
0
0
0
0
0
0
0
0
0
0
0
0
0
0
0
0
0
0
0
0
0
0
0
0
0
0
0
0
0
0
0
0
0
0
0
0
0
0
0
0
0
0
0
0
0
0
0
0
0
0
0
0
0
0
0
0
0
0
0
0
0
0
0
0
0
0
0
0
0
0
0
0
0
0
0
0
0
0
0
0
0
0
0
0
0
0
0
0
0
0
0
0
0
0
0
0
0
0
0
0
0
0
0
0
0
0
0
0
0
0
0
0
0
0
0
0
0
0
0
0
0
0
0
0
0
0
0
0
0
0
0
0
0
0
0
0
0
0
0
0
0
0
0
0
0
0
0
0
0
0
0
0
0
0
0
0
0
0
0
0
0
0
0
0
0
0
0
0
0
0
0
0
0
0
0
0
0
0
0
0
0
0
0
0
0
0
0
0
0
0
0
0
0
0
0
0
0
0
0
0
0
0
0
0
0
0
0
0
0
0
0
0
0
0
0
0
0
0
0
0
0
0
0
0
0
0
0
0
0
0
0
0
0
0
0
0
0
0
0
0
0
0
0
0
0
0
0
0
0
0
0
0
0
0
0
0
0
0
0
