int
2105
2101
2048
2085
2081
2056
2077
0
2052
0
3626
2072
3659
0
2068
0
0
2064
0
0
2096
3622
0
2092
3655
0
2088
0
2060
3648
3616
3584
2108
3590
0
7691
0
0
2049
2098
0
3656
2057
2062
3623
2053
3590
3624
2073
3650
2092
2069
3618
2088
2065
3594
3586
2110
2106
2102
2086
2082
2078
7751
0
0
2049
2098
0
3652
2057
3594
3659
2053
2062
3620
2073
3650
2092
2069
3618
2088
2065
3590
3586
2110
2106
2102
2086
2082
2078
7723
0
0
2049
2098
0
3656
2057
3622
3591
2053
2062
3592
2073
3650
2092
2069
3626
2088
2065
3618
3586
2110
2106
2102
2086
2082
2078
7751
0
0
2075
0
0
2051
2064
2069
2099
0
2063
3654
3591
3584
2093
3623
3651
3627
3595
2111
2052
3617
3658
2107
2103
2087
2083
2076
2089
6154
0
0
0
0
0
0
0
2091
3584
3621
0
3658
0
0
0
2095
0
2060
3617
2099
0
0
2075
3654
0
2051
2056
3593
3651
3627
3591
2111
2054
2107
2103
2076
2065
2087
2083
0
0
6166
0
0
2049
2098
0
3652
2057
2062
3659
2053
3626
3588
2073
3650
2092
2069
3622
2088
2065
3618
3586
2110
2106
2102
2086
2082
2078
7691
0
0
0
0
0
0
0
2091
3584
2069
0
3658
0
0
0
2095
0
2060
3617
2099
0
0
2075
3654
0
2051
2056
2065
3651
3623
3595
2111
2054
2107
2103
2076
3589
2087
2083
0
0
7722
0
0
2075
0
0
2051
2064
2069
2099
0
3595
3658
3627
3584
2093
2063
3651
3623
3591
2111
2052
3617
3654
2107
2103
2087
2083
2076
2089
6154
0
0
2049
2098
0
3592
2057
2062
3623
2053
3654
3624
2073
3658
2092
2069
3650
2088
2065
3618
3586
2110
2106
2102
2086
2082
2078
7687
0
0
2071
0
0
2055
2064
2097
2095
0
2063
3622
3655
3584
3649
3591
3659
3619
3595
2111
2080
2057
3626
2107
2103
2087
2079
2048
2089
6170
0
0
0
0
0
0
0
2099
3584
3649
0
3622
0
0
0
2091
0
2060
2049
2095
0
0
2071
3626
0
2055
2080
3593
3659
3619
3591
2111
2074
2107
2103
2056
2065
2087
2079
0
0
7750
0
0
0
0
0
0
3616
2070
2095
0
2058
3589
0
2080
2066
3651
0
2090
0
3622
2076
3593
3654
2051
2062
3658
3626
2072
2097
3586
2110
2106
2102
2086
6151
0
0
0
0
0
0
0
0
0
2095
3584
2053
2050
0
0
0
0
0
0
2099
0
2072
3617
2058
2063
0
3655
0
3591
0
3623
3659
2068
2081
3650
3627
3595
2111
2107
2103
2087
0
0
2064
2077
6186
0
0
0
0
0
0
0
0
0
0
0
2091
2068
3617
2050
0
0
0
0
0
0
0
2099
0
0
2064
3593
3654
0
0
0
0
0
2095
3659
3627
3591
2111
2060
2077
3650
2107
2103
2087
0
0
0
0
0
0
0
2056
3585
2082
0
0
0
0
0
0
0
0
0
0
2052
2073
7718
0
0
0
0
0
0
0
0
2068
2049
3650
3595
0
0
0
0
2096
0
2081
3626
0
0
0
3591
2092
0
0
2088
2077
2062
2056
0
2055
2064
3656
3620
3584
2108
2104
2100
2084
2073
3618
7751
0
0
0
0
0
0
0
0
0
0
0
2091
2068
3617
2050
0
0
0
0
0
0
0
2099
0
0
2064
2077
3654
0
0
0
0
0
2095
3659
3623
3595
2111
2060
3589
3650
2107
2103
2087
0
0
0
0
0
0
0
2056
3585
3626
0
0
0
0
0
0
0
0
0
0
2052
2073
6178
0
0
0
0
0
0
0
0
0
0
0
2091
2068
3617
2050
0
0
0
0
0
0
0
2099
0
0
2064
3593
3654
0
0
0
0
0
2095
3659
3623
3591
2111
2060
2077
3650
2107
2103
2087
0
0
0
0
0
0
0
2056
3585
3626
0
0
0
0
0
0
0
0
0
0
2052
2073
6178
0
0
2049
2098
0
3588
2057
3658
3595
2053
2062
3620
2073
3654
2092
2069
3650
2088
2065
3618
3586
2110
2106
2102
2086
2082
2078
7723
0
0
0
0
0
0
0
2099
3584
3649
0
3622
0
0
0
2091
0
2060
2049
2095
0
0
2071
3626
0
2055
2080
2065
3655
3619
3595
2111
3658
2107
2103
2056
3589
2087
2079
0
0
6170
0
0
2071
0
0
2055
2064
2097
2095
0
3659
3626
3595
3584
3649
2063
3655
3619
3591
2111
2080
2057
3622
2107
2103
2087
2079
2048
2089
6170
0
0
0
0
0
0
0
0
2068
2049
3650
3595
0
0
0
0
2096
0
2081
2062
0
0
0
3591
2092
0
0
2088
2077
3622
2056
0
3659
2064
3652
3624
3584
2108
2104
2100
2084
2073
3618
6151
0
0
0
0
0
0
0
0
0
0
0
2091
2068
3617
3658
0
0
0
0
0
0
0
2099
0
0
2064
2077
2050
0
0
0
0
0
2095
3655
3627
3595
2111
2060
3589
3650
2107
2103
2087
0
0
0
0
0
0
0
2056
3585
2082
0
0
0
0
0
0
0
0
0
0
2052
2073
7718
0
0
0
0
0
0
0
0
0
0
0
2091
2068
3617
3658
0
0
0
0
0
0
0
2099
0
0
2064
3593
2050
0
0
0
0
0
2095
3655
3627
3591
2111
2060
2077
3650
2107
2103
2087
0
0
0
0
0
0
0
2056
3585
2082
0
0
0
0
0
0
0
0
0
0
2052
2073
7718
0
0
0
0
0
0
3616
2070
2095
0
2058
3593
0
2080
2066
3651
0
2090
0
3658
2076
3589
2062
2051
3626
3654
3622
2072
2097
3586
2110
2106
2102
2086
6151
0
0
0
0
0
0
0
0
0
0
0
2091
2068
3617
3658
0
0
0
0
0
0
0
2099
0
0
2064
2077
2050
0
0
0
0
0
2095
3655
3623
3595
2111
2060
3589
3650
2107
2103
2087
0
0
0
0
0
0
0
2056
3585
3626
0
0
0
0
0
0
0
0
0
0
2052
2073
6178
0
0
0
0
0
0
0
0
0
2095
3584
2053
2050
0
0
0
0
0
0
2099
0
2072
3617
2058
3659
0
3595
0
3627
0
2063
3655
2068
2081
3650
3623
3591
2111
2107
2103
2087
0
0
2064
2077
6186
0
0
0
0
0
0
0
0
0
2095
3584
2053
2050
0
0
0
0
0
0
2099
3659
2072
3617
2058
3655
3627
3623
3595
3591
2111
2107
2103
2068
2081
3650
2087
2063
0
0
0
0
0
0
2064
2077
6186
0
0
0
0
0
0
0
0
0
0
0
0
0
0
0
0
0
0
0
0
0
0
0
0
0
0
0
0
0
0
0
0
0
0
0
0
0
0
0
0
0
0
0
0
0
0
0
0
0
0
0
0
0
0
0
0
0
0
0
0
0
0
0
0
0
0
0
0
0
0
0
0
0
0
0
0
0
0
0
0
0
0
0
0
0
0
0
0
0
0
0
0
0
0
0
0
0
0
0
0
0
0
0
0
0
0
0
0
0
0
0
0
0
0
0
0
0
0
0
0
0
0
0
0
0
0
0
0
0
0
0
0
0
0
0
0
0
0
0
0
0
0
0
0
0
0
0
0
0
0
0
0
0
0
0
0
0
0
0
0
0
0
0
0
0
0
0
0
0
0
0
0
0
0
0
0
0
0
0
0
0
0
0
0
0
0
0
0
0
0
0
0
0
0
0
0
0
0
0
0
0
0
0
0
0
0
0
0
0
0
0
0
0
0
0
0
0
0
0
0
0
0
0
0
0
0
0
0
0
0
0
0
0
0
0
0
0
0
0
0
0
0
0
0
0
0
0
0
0
0
0
0
0
0
0
0
0
0
0
0
0
0
0
0
0
0
0
0
0
0
0
0
0
0
0
0
0
0
0
0
0
0
0
0
0
0
0
0
0
0
0
0
0
0
0
0
0
0
0
0
0
0
0
0
0
0
0
0
0
0
0
0
0
0
0
0
0
0
0
0
0
0
0
0
0
0
0
0
0
0
0
0
0
0
0
0
0
0
0
0
0
0
0
0
0
0
0
0
0
0
0
0
0
0
0
0
0
0
0
0
0
0
0
0
0
0
0
0
0
0
0
0
0
0
0
0
0
0
0
0
0
0
0
0
0
0
0
0
0
0
0
0
0
0
0
0
0
0
0
0
0
0
0
0
0
0
0
0
0
0
0
0
0
0
0
0
0
0
0
0
0
0
0
0
0
0
0
0
0
0
0
0
0
0
0
0
0
0
0
0
0
0
0
0
0
0
0
0
0
0
0
0
0
0
0
0
0
0
0
0
0
0
0
0
0
0
0
0
0
0
0
0
0
0
0
0
0
0
0
0
0
0
0
0
0
0
0
0
0
0
0
0
0
0
0
0
0
0
0
0
0
0
0
0
0
0
0
0
0
0
0
0
0
0
0
0
0
0
0
0
0
0
0
0
0
0
0
0
0
0
0
0
0
0
0
0
0
0
0
0
0
0
0
0
0
0
0
0
0
0
0
0
0
0
0
0
0
0
0
0
0
0
0
0
0
0
0
0
0
0
0
0
0
0
0
0
0
0
0
0
0
0
0
0
0
0
0
0
0
0
0
0
0
0
0
0
0
0
0
0
0
0
0
0
0
0
0
0
0
0
0
0
0
0
0
0
0
0
0
0
0
0
0
0
0
0
0
0
0
0
0
0
0
0
0
0
0
0
0
0
0
0
0
0
0
0
0
0
0
0
0
0
0
0
0
0
0
0
0
0
0
0
0
0
0
0
0
0
0
0
0
0
0
0
0
0
0
0
0
0
0
0
0
0
0
0
0
0
0
0
0
0
0
0
0
0
0
0
0
0
0
0
0
0
0
0
0
0
0
0
0
0
0
0
0
0
0
0
0
0
0
0
0
0
0
0
0
0
0
0
0
0
0
0
0
0
0
0
0
0
0
0
0
0
0
0
0
0
0
0
0
0
0
0
0
0
0
0
0
0
0
0
0
0
0
0
0
0
0
0
0
0
0
0
0
0
0
0
0
0
0
0
0
0
0
0
0
0
0
0
0
0
0
0
0
0
0
0
0
0
0
0
0
0
0
0
0
0
0
0
0
0
0
0
0
0
0
0
0
0
0
0
0
0
0
0
0
0
0
0
0
0
0
0
0
0
0
0
0
0
0
0
0
0
0
0
0
0
0
0
0
0
0
0
0
0
0
0
0
0
0
0
0
0
0
0
0
0
0
0
0
0
0
0
0
0
0
0
0
0
0
0
0
0
0
0
0
0
0
0
0
0
0
0
0
0
0
0
0
0
0
0
0
0
0
0
0
0
0
0
0
0
0
0
0
0
0
0
0
0
0
0
0
0
0
0
0
0
0
0
0
0
0
0
0
0
0
0
0
0
0
0
0
0
0
0
0
0
0
0
0
0
0
0
0
0
0
0
0
0
0
0
0
0
0
0
0
0
0
0
0
0
0
0
0
0
0
0
0
0
0
0
0
0
0
0
0
0
0
0
0
0
0
0
0
0
0
0
0
0
0
0
0
0
0
0
0
0
0
0
0
0
0
0
0
0
0
0
0
0
0
0
0
0
0
0
0
0
0
0
0
0
0
0
0
0
0
0
0
0
0
0
0
0
0
0
0
0
0
0
0
0
0
0
0
0
0
0
0
0
0
0
0
0
0
0
0
0
0
0
0
0
0
0
0
0
0
0
0
0
0
0
0
0
0
0
0
0
0
0
0
0
0
0
0
0
0
0
0
0
0
0
0
0
0
0
0
0
0
0
0
0
0
0
0
0
0
0
0
0
0
0
0
0
0
0
0
0
0
0
0
0
0
0
0
0
0
0
0
0
0
0
0
0
0
0
0
0
0
0
0
0
0
0
0
0
0
0
0
0
0
0
0
0
0
0
0
0
0
0
0
0
0
0
0
0
0
0
0
0
0
0
0
0
0
0
0
0
0
0
0
0
0
0
0
0
0
0
0
0
0
0
0
0
0
0
0
0
0
0
0
0
0
0
0
0
0
0
0
0
0
0
0
0
0
0
0
0
0
0
0
0
0
0
0
0
0
0
0
0
0
0
0
0
0
0
0
0
0
0
0
0
0
0
0
0
0
0
0
0
0
0
0
0
0
0
0
0
0
0
0
0
0
0
0
0
0
0
0
0
0
0
0
0
0
0
0
0
0
0
0
0
0
0
0
0
0
0
0
0
0
0
0
0
0
0
0
0
0
0
0
0
0
0
0
0
0
0
0
0
0
0
0
0
0
0
0
0
0
0
0
0
0
0
0
0
0
0
0
0
0
0
0
0
0
0
0
0
0
0
0
0
0
0
0
0
0
0
0
0
0
0
0
0
0
0
0
0
0
0
0
0
0
0
0
0
0
0
0
0
0
0
0
0
0
0
0
0
0
0
0
0
0
0
0
0
0
0
0
0
0
0
0
0
0
0
0
0
0
0
0
0
0
0
0
0
0
0
0
0
0
0
0
0
0
0
0
0
0
0
0
0
0
0
0
0
0
0
0
0
0
0
0
0
0
0
0
0
0
0
0
0
0
0
0
0
0
0
0
0
0
0
0
0
0
0
0
0
0
0
0
0
0
0
0
0
0
0
0
0
0
0
0
0
0
0
0
0
0
0
0
0
0
0
0
0
0
0
0
0
0
0
0
0
0
0
0
0
0
0
0
0
0
0
0
0
0
0
0
0
0
0
0
0
0
0
0
0
0
0
0
0
0
0
0
0
0
0
0
0
0
0
0
0
0
0
0
0
0
0
0
0
0
0
0
0
0
0
0
0
0
0
0
0
0
0
0
0
0
0
0
0
0
0
0
0
0
0
0
0
0
0
0
0
0
0
0
0
0
0
0
0
0
0
0
0
0
0
0
0
0
0
0
0
0
0
0
0
0
0
0
0
0
0
0
0
0
0
0
0
0
0
0
0
0
0
0
0
0
0
0
0
0
0
0
0
0
0
0
0
0
0
0
0
0
0
0
0
0
0
0
0
0
0
0
0
0
0
0
0
0
0
0
0
0
0
0
0
0
0
0
0
0
0
0
0
0
0
0
0
0
0
0
0
0
0
0
0
0
0
0
0
0
0
0
0
0
0
0
0
0
0
0
0
0
0
0
0
0
0
0
0
0
0
0
0
0
0
0
0
0
0
0
0
0
0
0
0
0
0
0
0
0
0
0
0
0
0
0
0
0
0
0
0
0
0
0
0
0
0
0
0
0
0
0
0
0
0
0
0
0
0
0
0
0
0
0
0
0
0
0
0
0
0
0
0
0
0
0
0
0
0
0
0
0
0
0
0
0
0
0
0
0
0
0
0
0
0
0
0
0
0
0
0
0
0
0
0
0
0
0
0
0
0
0
0
0
0
0
0
0
0
0
0
0
0
0
0
0
0
0
0
0
0
0
0
0
0
0
0
0
0
0
0
0
0
0
0
0
0
0
0
0
0
0
0
0
0
0
0
0
0
0
0
0
0
0
0
0
0
0
0
0
0
0
0
0
0
0
0
0
0
0
0
0
0
0
0
0
0
0
0
0
0
0
0
0
0
0
0
0
0
0
0
0
0
0
0
0
0
0
0
0
0
0
0
0
0
0
0
0
0
0
0
0
0
0
0
0
0
0
0
0
0
0
0
0
0
0
0
0
0
0
0
0
0
0
0
0
0
0
0
0
0
0
0
0
0
0
0
0
0
0
0
0
0
0
0
0
0
0
0
0
0
0
0
0
0
0
0
0
0
0
0
0
0
0
0
0
0
0
0
0
0
0
0
0
0
0
0
0
0
0
0
0
0
0
0
0
0
0
0
0
0
0
0
0
0
0
0
0
0
0
0
0
0
0
0
0
0
0
0
0
0
0
0
0
0
0
0
0
0
0
0
0
0
0
0
0
0
0
0
0
0
0
0
0
0
0
0
0
0
0
0
0
0
0
0
0
0
0
0
0
0
0
0
0
0
0
0
0
0
0
0
0
0
0
0
0
0
0
0
0
0
0
0
0
0
0
0
0
0
0
0
0
0
0
0
0
0
0
0
0
0
0
0
0
0
0
0
0
0
0
0
0
0
0
0
0
0
0
0
0
0
0
0
0
0
0
0
0
0
0
0
0
0
0
0
0
0
0
0
0
0
0
0
0
0
0
0
0
0
0
0
0
0
0
0
0
0
0
0
0
0
0
0
0
0
0
0
0
0
0
0
0
0
0
0
0
0
0
0
0
0
0
0
0
0
0
0
0
0
0
0
0
0
0
0
0
0
0
0
0
0
0
0
0
0
0
0
0
0
0
0
0
0
0
0
0
0
0
0
0
0
0
0
0
0
0
0
0
0
0
0
0
0
0
0
0
0
0
0
0
0
0
0
0
0
0
0
0
0
0
0
0
0
0
0
0
0
0
0
0
0
0
0
0
0
0
0
0
0
0
0
0
0
0
0
0
0
0
0
0
0
0
0
0
0
0
0
0
0
0
0
0
0
0
0
0
0
0
0
0
0
0
0
0
0
0
0
0
0
0
0
0
0
0
0
0
0
0
0
0
0
0
0
0
0
0
0
0
0
0
0
0
0
0
0
0
0
0
0
0
0
0
0
0
0
0
0
0
0
0
0
0
0
0
0
0
0
0
0
0
0
0
0
0
0
0
0
0
0
0
0
0
0
0
0
0
0
0
0
0
0
0
0
0
0
0
0
0
0
0
0
0
0
0
0
0
0
0
0
0
0
0
0
0
0
0
0
0
0
0
0
0
0
0
0
0
0
0
0
0
0
0
0
0
0
0
0
0
0
0
0
0
0
0
0
0
0
0
0
0
0
0
0
0
0
0
0
0
0
0
0
0
0
0
0
0
0
0
0
0
0
0
0
0
0
0
0
0
0
0
0
0
0
0
0
0
0
0
0
0
0
0
0
0
0
0
0
0
0
0
0
0
0
0
0
0
0
0
0
0
0
0
0
0
0
0
0
0
0
0
0
0
0
0
0
0
0
0
0
0
0
0
0
0
0
0
0
0
0
0
0
0
0
0
0
0
0
0
0
0
0
0
0
0
0
0
0
0
0
0
0
0
0
0
0
0
0
0
0
0
0
0
0
0
0
0
0
0
0
0
0
0
0
0
0
0
0
0
0
0
0
0
0
0
0
0
0
0
0
0
0
0
0
0
0
0
0
0
0
0
0
0
0
0
0
0
0
0
0
0
0
0
0
0
0
0
0
0
0
0
0
0
0
0
0
0
0
0
0
0
0
0
0
0
0
0
0
0
0
0
0
0
0
0
0
0
0
0
0
0
0
0
0
0
0
0
0
0
0
0
0
0
0
0
0
0
0
0
0
0
0
0
0
0
0
0
0
0
0
0
0
0
0
0
0
0
0
0
0
0
0
0
0
0
0
0
0
0
0
0
0
0
0
0
0
0
0
0
0
0
0
0
0
0
0
0
0
0
0
0
0
0
0
0
0
0
0
0
0
0
0
0
0
0
0
0
0
0
0
0
0
0
0
0
0
0
0
0
0
0
0
0
0
0
0
0
0
0
0
0
0
0
0
0
0
0
0
0
0
0
0
0
0
0
0
0
0
0
0
0
0
0
0
0
0
0
0
0
0
0
0
0
0
0
0
0
0
0
0
0
0
0
0
0
0
0
0
0
0
0
0
0
0
0
0
0
0
0
0
0
0
0
0
0
0
0
0
0
0
0
0
0
0
0
0
0
0
0
0
0
0
0
0
0
0
0
0
0
0
0
0
0
0
0
0
0
0
0
0
0
0
0
0
0
0
0
0
0
0
0
0
0
0
0
0
0
0
0
0
0
0
0
0
0
0
0
0
0
0
0
0
0
0
